Start Coordinates: 114 63
End Coordinates: 2 18
Hard Terrain: (45, 118)
Hard Terrain: (35, 89)
Hard Terrain: (7, 116)
Hard Terrain: (44, 102)
Hard Terrain: (48, 17)
Hard Terrain: (116, 131)
Hard Terrain: (34, 17)
Hard Terrain: (79, 69)
1 1 0 1 1 1 1 1 1 1 1 1 0 1 1 1 1 1 1 1 1 1 1 0 1 1 0 1 1 1 1 1 1 1 1 0 1 0 1 1 1 1 0 0 1 0 1 1 1 1 1 1 0 1 1 0 1 1 1 0 1 1 0 1 1 0 1 0 0 1 1 0 1 1 1 0 1 1 1 1 0 1 1 0 0 1 1 1 1 0 1 1 0 1 1 3 1 0 0 1 1 1 1 2 0 2 2 2 1 1 2 2 2 1 2 1 1 2 1 1 2 1 1 1 1 0 1 1 1 2 1 0 1 1 1 1 0 1 1 1 1 0 1 1 1 1 1 1 1 0 1 1 1 0 1 0 1 1 1 0 
1 1 1 0 1 0 1 0 1 0 1 1 1 1 0 1 1 1 0 1 0 1 1 1 1 1 1 1 1 0 0 1 1 1 0 0 1 0 1 1 1 0 1 1 1 1 1 1 1 1 1 0 1 1 0 1 1 1 0 1 1 1 0 1 1 1 0 1 0 1 1 1 1 1 1 1 1 1 0 1 1 1 0 1 1 1 1 1 0 0 1 1 1 1 1 3 1 0 1 0 1 1 1 0 2 0 1 0 0 2 0 2 2 2 0 2 2 1 0 2 2 0 0 1 2 2 1 2 2 2 0 1 0 1 1 0 1 0 0 0 0 1 1 1 1 1 1 1 1 0 1 1 1 1 0 1 1 1 1 1 
0 1 1 1 1 1 0 1 1 0 1 0 0 1 0 0 1 1 6 1 1 1 1 0 0 1 1 1 1 1 1 1 1 1 1 1 1 0 0 1 1 1 1 1 1 1 1 1 0 1 1 0 1 1 1 1 1 1 1 1 1 1 0 1 0 1 1 1 1 0 1 1 1 1 1 0 1 1 0 1 1 1 1 1 1 0 0 0 1 1 1 1 1 1 1 3 1 1 1 1 1 2 2 1 0 0 2 2 1 0 1 2 2 1 2 2 0 0 2 1 1 2 0 1 2 2 2 0 2 2 1 1 1 1 0 0 1 1 1 1 1 1 0 1 1 1 1 1 1 1 1 1 1 1 1 1 1 0 0 1 
1 0 0 0 1 1 0 1 0 1 1 1 1 1 1 1 0 1 1 1 1 1 0 1 1 1 1 1 1 0 1 1 1 1 1 1 1 1 1 1 0 0 0 1 1 1 1 1 1 1 1 1 1 0 1 1 1 1 0 1 1 0 1 1 1 1 1 1 1 0 0 1 1 1 1 1 1 1 1 1 1 0 1 1 0 1 1 1 1 1 1 0 1 1 1 3 0 1 0 1 0 1 2 1 0 2 1 1 0 1 0 1 2 2 1 2 2 1 1 2 2 1 2 0 2 1 1 2 2 1 2 2 1 1 1 0 1 0 1 1 1 1 1 1 1 1 1 1 1 0 1 0 1 0 1 1 0 1 0 1 
1 0 1 1 1 1 1 1 1 1 1 1 1 1 1 1 1 1 0 1 1 0 1 1 1 1 0 1 1 1 1 1 1 1 1 1 1 0 1 0 0 1 1 1 0 0 1 1 1 1 0 1 0 0 1 1 1 1 1 0 1 1 1 1 0 1 1 1 1 1 1 1 1 1 1 1 1 1 1 1 1 0 1 1 1 1 1 1 1 1 1 0 1 1 1 3 1 0 1 1 0 2 0 0 1 0 2 1 0 1 2 1 2 0 1 1 2 1 2 1 1 2 2 1 1 2 1 1 2 1 1 2 1 1 0 1 1 0 1 1 1 0 1 1 1 1 1 1 1 1 0 1 1 1 1 1 0 1 1 1 
1 1 1 1 1 1 1 1 1 1 1 1 1 1 1 0 1 1 0 0 0 0 1 1 1 1 1 1 1 1 1 0 1 0 1 0 1 1 0 1 0 1 1 0 1 1 1 1 1 1 0 1 1 1 1 1 1 1 1 1 0 1 0 1 1 1 1 1 0 1 1 1 1 1 1 1 1 0 1 1 1 0 1 1 0 0 1 1 1 1 1 0 1 0 1 3 1 1 0 1 0 1 2 1 2 1 1 0 1 2 0 2 0 1 2 1 0 1 1 2 2 2 0 0 1 2 2 1 1 1 1 2 1 0 1 1 0 1 1 1 1 1 1 1 1 1 1 1 1 1 1 1 1 1 1 0 0 1 1 1 
1 1 1 1 1 0 1 1 1 0 1 1 1 1 1 1 1 1 1 1 1 1 1 0 1 1 0 1 1 1 1 1 1 1 1 1 1 1 1 1 1 1 1 0 1 1 1 1 1 1 1 1 1 1 1 1 1 1 1 1 1 1 1 1 1 1 1 1 1 1 1 1 1 1 0 1 1 1 1 1 1 1 1 1 0 1 1 1 1 1 1 1 1 0 1 3 1 1 0 0 1 1 1 0 1 0 0 1 1 2 1 1 1 1 2 1 1 2 2 2 2 2 0 2 2 0 1 2 1 0 1 0 1 0 1 1 1 0 1 1 1 1 1 1 1 1 1 0 0 0 1 1 0 0 1 1 1 1 1 1 
1 1 1 1 0 1 0 1 1 0 0 1 1 1 0 1 1 1 0 0 0 1 1 0 1 1 1 0 1 0 1 1 1 0 1 1 1 1 0 1 1 1 1 1 0 1 0 1 1 0 1 1 0 1 1 1 1 1 1 0 1 0 1 1 1 0 1 1 1 1 1 1 0 1 0 1 0 1 1 1 1 1 1 1 1 1 1 1 1 1 1 1 1 1 0 3 1 1 1 1 1 1 1 1 1 2 0 1 0 2 1 1 2 2 1 0 2 2 0 2 1 0 1 2 1 2 2 1 2 2 0 2 1 0 1 1 1 1 1 1 1 0 1 1 1 1 0 1 1 1 1 1 1 1 1 0 0 1 0 0 
0 1 1 1 0 1 1 1 1 1 1 1 1 1 0 1 1 0 1 1 0 0 1 1 1 1 1 1 1 1 1 1 0 1 1 0 1 1 0 1 0 1 1 1 1 1 1 1 1 1 1 0 0 1 0 0 1 1 1 1 0 0 1 0 1 0 1 1 1 1 1 1 1 0 0 1 1 1 0 1 1 0 1 0 1 1 1 1 1 1 0 1 1 1 1 3 1 1 1 1 1 0 1 1 2 2 1 2 2 2 1 0 2 1 2 1 2 1 2 1 2 0 1 1 2 0 1 1 2 0 2 0 1 1 1 1 1 1 1 1 0 1 1 1 1 0 1 1 1 1 1 1 0 0 1 1 1 1 1 1 
1 1 1 1 1 1 1 1 1 1 1 1 1 1 1 1 1 1 1 1 1 1 1 0 0 1 1 1 0 1 1 1 1 1 1 1 1 0 1 0 0 1 1 1 1 1 1 1 1 0 1 1 1 1 1 1 0 1 1 1 1 1 1 1 1 1 1 1 1 1 1 1 0 1 1 0 1 1 1 1 1 0 1 1 1 1 1 1 1 0 1 1 1 0 0 3 1 0 1 1 0 2 1 2 2 2 0 1 2 1 0 2 0 2 1 1 2 1 1 0 2 1 1 0 1 2 2 0 0 2 0 0 1 1 1 1 1 1 1 1 1 1 1 1 1 1 0 1 1 1 1 1 1 1 1 1 1 0 1 1 
1 1 1 0 1 1 1 0 1 1 1 1 1 1 1 1 1 1 1 1 1 0 1 1 1 1 0 1 1 1 1 1 1 1 1 1 1 0 1 1 1 1 1 1 1 1 1 1 1 1 0 1 1 1 0 1 1 1 1 1 1 1 1 1 1 1 1 1 1 1 1 1 1 1 1 0 0 1 1 1 1 1 1 1 0 1 1 1 1 0 1 0 0 1 1 3 1 1 1 1 1 1 0 2 2 2 2 2 2 1 2 2 1 2 2 1 2 1 2 1 2 0 1 0 1 2 2 2 0 2 0 1 1 0 1 1 0 1 1 1 0 1 1 1 0 1 1 1 1 1 1 0 1 1 1 1 1 1 1 1 
1 1 1 1 1 1 1 1 1 1 1 1 1 0 1 0 0 1 1 1 1 1 1 1 1 1 1 1 0 1 1 1 0 0 1 1 0 1 1 1 1 1 1 1 1 1 0 1 1 1 1 1 1 1 0 1 1 1 1 1 0 1 1 1 1 1 0 0 1 1 1 0 1 0 1 1 1 0 1 1 1 1 1 1 1 1 0 1 1 1 1 1 1 1 0 3 1 1 0 1 1 0 1 0 1 0 2 1 1 1 0 0 2 1 1 1 2 1 1 1 0 1 2 1 1 2 0 1 0 1 1 1 1 1 1 0 1 1 1 0 0 0 0 0 1 0 1 1 1 1 1 0 1 1 1 1 1 1 1 1 
1 1 0 1 1 1 1 0 1 0 0 0 1 1 1 1 1 1 1 0 1 0 1 0 1 1 1 1 1 1 0 1 0 1 1 1 1 0 0 1 0 1 1 1 1 1 1 0 1 1 1 1 1 1 1 1 1 1 1 1 1 1 1 1 1 0 1 1 0 1 1 1 1 1 1 1 1 1 1 1 1 0 1 0 0 0 0 1 0 0 1 0 0 0 0 3 1 1 0 1 0 2 2 0 1 1 1 2 2 1 0 0 1 1 2 2 2 2 2 2 1 1 2 2 1 0 2 0 2 2 1 1 1 1 1 1 0 1 1 1 1 1 0 0 1 1 1 1 0 0 0 1 1 1 1 1 1 1 1 1 
1 1 1 1 1 1 0 1 1 1 0 1 1 1 1 0 1 1 0 1 1 1 1 1 1 1 1 1 0 1 1 1 1 1 0 1 1 1 1 1 1 1 1 1 1 0 1 1 0 1 1 1 1 1 1 1 0 0 1 0 1 1 0 1 1 0 1 1 1 1 1 1 1 1 0 0 0 1 1 0 1 1 1 1 0 1 1 1 1 0 1 1 1 1 0 3 1 0 1 1 0 2 1 1 2 0 0 2 1 1 1 1 0 2 2 1 1 0 0 2 1 2 2 2 2 1 2 1 0 1 2 0 0 1 1 1 0 1 1 1 0 1 1 1 1 1 1 0 0 1 1 1 1 0 1 1 1 0 1 1 
1 0 1 1 1 1 0 1 1 1 1 1 1 1 1 1 1 1 0 1 1 1 1 1 1 1 1 1 1 1 0 1 1 0 1 1 1 1 1 1 1 1 1 0 1 1 0 0 1 1 1 1 1 1 1 0 1 0 1 1 1 1 1 1 1 1 1 1 1 1 1 1 1 1 0 0 1 1 0 1 1 0 1 1 1 1 1 1 1 1 1 1 1 1 1 3 1 0 0 1 0 2 1 2 1 1 0 1 2 2 2 1 0 1 0 1 1 1 1 1 2 2 1 2 2 0 0 1 0 1 0 1 1 1 1 1 1 1 1 0 1 0 1 1 1 1 1 1 0 1 0 1 1 0 1 0 1 1 1 1 
1 1 1 0 1 1 1 1 1 1 0 1 1 1 1 1 1 1 1 1 1 1 0 1 0 1 1 1 1 1 0 1 1 1 1 1 1 1 1 1 1 1 1 1 1 1 1 1 1 0 0 1 1 0 1 1 1 1 0 0 1 0 1 0 0 1 1 1 1 0 0 1 1 1 1 1 1 1 0 1 1 0 0 1 1 1 1 1 1 1 1 0 1 1 1 3 1 1 1 1 0 1 0 0 2 0 0 1 1 0 2 1 2 1 2 2 1 1 2 1 2 1 1 0 1 1 1 1 2 0 0 0 1 1 0 1 0 1 0 1 1 1 1 1 1 1 0 0 0 0 1 1 1 0 1 1 1 0 1 1 
0 1 1 1 1 1 0 1 1 0 0 1 1 1 1 1 0 0 1 0 1 0 1 1 1 1 1 0 1 1 0 1 1 1 0 1 1 1 1 1 0 1 1 1 1 1 1 1 1 1 1 1 1 1 1 1 1 1 0 1 1 1 1 1 0 0 1 1 0 1 1 1 0 1 1 1 1 0 1 1 1 1 1 0 1 1 1 0 1 0 1 1 0 1 1 3 0 0 0 0 1 2 2 2 1 2 1 2 0 1 2 1 2 0 2 2 2 1 2 2 2 2 0 1 1 2 1 2 0 2 1 0 1 0 1 0 1 1 1 1 0 1 1 1 1 1 1 1 1 1 1 1 1 1 1 1 1 1 1 1 
1 1 0 1 1 1 1 0 1 0 1 1 1 1 1 1 1 1 0 1 1 1 0 1 1 1 1 1 1 1 1 1 1 1 1 1 1 1 1 1 0 1 0 1 1 1 1 1 1 1 1 0 1 1 1 1 1 1 1 1 1 1 1 1 0 1 0 1 0 1 1 1 1 1 1 1 1 1 1 0 1 0 1 1 0 1 1 1 1 1 1 1 1 1 1 3 1 0 1 1 1 2 0 2 0 1 2 1 1 2 1 1 1 2 1 2 1 1 1 1 2 1 0 0 0 2 2 2 1 1 0 2 1 1 1 1 1 0 0 1 1 1 1 1 1 1 1 1 1 1 1 1 1 1 0 1 1 1 0 1 
3 3 3 3 3 3 3 3 3 3 3 3 3 3 3 3 3 3 3 3 3 3 3 3 3 3 3 3 3 3 3 3 3 3 3 3 3 3 3 3 3 1 1 1 0 1 1 1 1 1 1 0 1 1 1 1 1 1 1 0 1 0 1 1 0 1 0 1 1 1 1 1 0 1 1 1 1 1 1 1 1 1 1 1 1 1 1 0 1 1 0 1 1 0 1 3 1 1 1 0 1 1 2 1 1 1 0 2 1 2 0 0 1 2 1 2 2 2 2 2 1 1 0 0 1 2 1 2 1 2 1 2 1 1 1 1 1 1 1 1 1 1 1 1 1 1 0 1 1 1 0 1 1 1 1 1 1 1 1 1 
1 1 2 1 2 2 2 1 2 2 2 2 1 2 1 1 2 2 2 1 2 1 2 1 1 1 2 0 2 1 1 1 0 0 1 1 0 1 1 1 3 1 1 1 1 1 1 1 1 1 1 1 1 1 1 1 1 1 0 1 1 0 1 1 1 1 1 0 1 1 1 1 1 1 1 1 1 1 1 1 0 1 1 1 1 1 1 1 1 1 1 1 1 1 1 3 1 1 1 1 1 2 2 1 2 1 1 0 1 0 1 2 1 1 1 1 1 1 0 1 1 2 2 0 1 2 0 2 2 1 2 1 1 1 1 1 1 1 1 1 1 1 0 1 1 0 1 1 1 1 0 0 1 1 1 1 1 1 1 1 
1 1 0 2 1 0 1 1 1 0 0 0 1 0 2 0 2 0 0 1 2 2 2 1 2 2 0 0 0 1 0 2 2 1 1 0 1 1 0 0 3 1 1 0 1 1 1 1 1 0 0 1 1 1 1 0 0 1 1 1 1 1 1 1 1 1 1 1 1 1 1 1 1 1 1 1 0 2 0 1 2 2 1 0 2 1 1 0 2 2 1 2 2 1 2 3 1 1 0 2 2 2 2 1 1 2 0 1 0 2 2 1 2 1 2 0 1 1 0 0 2 1 2 2 1 2 0 1 0 1 1 2 1 1 0 1 0 1 1 1 1 1 1 1 1 1 1 0 1 1 0 0 1 1 0 1 1 1 1 1 
1 1 2 2 1 2 1 2 1 0 2 2 2 1 2 1 2 2 1 0 2 2 1 2 2 2 2 1 2 1 1 0 2 1 1 1 1 1 1 1 3 0 1 1 0 1 1 1 0 0 0 1 1 0 1 1 1 0 1 0 1 1 1 1 1 1 1 1 1 1 1 1 1 0 2 1 2 1 1 2 1 0 2 1 2 1 0 2 1 2 2 1 0 2 1 3 1 1 1 0 2 2 2 2 2 2 1 0 1 2 1 0 1 1 2 0 2 0 1 1 1 1 2 1 2 1 1 1 1 1 2 1 1 1 1 1 1 1 1 1 1 1 1 1 1 1 1 0 1 1 0 1 1 1 1 1 1 0 0 1 
0 1 2 2 1 1 2 1 0 2 1 2 2 2 1 1 1 1 2 0 1 2 0 2 1 1 0 2 1 1 2 2 0 0 1 1 1 0 1 0 3 1 1 1 1 1 1 1 1 1 1 1 1 1 1 1 1 1 1 1 1 1 1 1 1 1 1 0 1 1 0 1 1 0 2 2 2 2 0 1 1 2 1 1 1 1 1 2 0 2 2 1 2 2 2 4 0 2 1 1 2 2 1 2 2 0 2 2 0 1 2 2 2 2 2 1 1 2 2 0 1 0 0 0 2 0 2 2 0 2 1 1 0 1 0 0 0 1 0 1 1 0 1 1 1 1 1 1 0 1 1 0 1 1 0 1 1 1 1 1 
0 1 2 1 1 0 2 1 2 0 1 2 1 1 2 1 2 2 2 1 1 1 0 2 2 0 1 2 1 0 0 0 0 0 1 1 1 1 1 1 3 1 1 0 1 1 1 1 0 0 1 0 1 1 0 0 1 1 1 0 1 1 0 1 0 1 0 1 1 0 1 1 1 0 1 0 2 2 1 1 2 1 2 0 1 0 2 2 1 1 2 1 1 1 0 4 2 0 2 0 1 2 0 2 2 1 1 1 1 1 1 1 1 1 0 0 1 1 1 0 1 1 1 1 1 1 1 0 1 1 1 1 1 1 1 1 1 1 0 1 0 1 0 1 1 1 1 1 1 1 0 1 1 1 1 0 1 1 1 1 
1 1 1 1 2 0 2 1 0 2 2 2 0 2 2 2 1 2 0 2 0 2 0 2 1 2 1 1 2 1 0 2 2 1 0 1 0 1 1 0 3 0 0 1 1 1 1 1 1 1 1 1 1 1 1 0 1 1 0 1 1 0 1 1 1 1 1 1 1 1 1 1 1 1 2 2 1 0 0 0 1 2 2 2 1 2 2 2 1 1 2 2 1 1 0 4 0 2 2 1 0 2 0 2 2 1 0 1 0 1 1 1 1 0 1 0 1 1 1 1 1 1 1 1 1 1 0 0 1 1 0 1 1 1 1 0 1 1 0 1 1 1 1 1 1 1 1 1 1 1 0 1 1 1 0 1 1 1 1 1 
0 0 0 2 0 2 0 1 1 2 2 0 1 2 1 2 2 2 0 2 1 0 1 1 0 2 1 1 2 2 2 2 2 1 1 1 1 1 0 1 3 1 1 1 1 0 1 0 1 1 1 1 0 1 1 1 1 0 1 1 1 1 1 1 1 1 0 0 0 0 0 1 1 1 1 1 2 1 1 1 2 1 1 1 0 1 2 2 1 1 2 2 1 2 1 3 2 2 2 2 2 1 2 1 2 1 1 0 1 1 1 1 1 1 1 1 1 1 1 1 1 1 1 1 1 1 1 1 0 1 0 1 1 1 1 1 1 1 1 1 1 1 1 1 1 1 1 1 0 1 1 1 0 1 0 1 1 1 1 0 
1 1 1 1 2 1 2 2 2 2 1 2 2 2 1 1 2 1 2 0 2 0 0 2 2 1 0 0 0 1 2 2 1 1 1 1 0 0 1 1 3 1 1 1 1 1 1 1 1 1 1 1 1 1 0 1 1 1 1 1 1 1 1 1 1 1 1 1 0 1 1 1 1 0 2 1 2 1 0 1 2 2 1 1 0 1 2 1 0 0 2 2 2 1 1 3 2 2 0 1 1 1 0 2 1 1 1 1 1 1 1 1 1 1 1 1 1 1 0 1 1 1 1 1 1 1 1 1 1 1 1 1 1 1 1 1 1 0 0 1 0 1 1 1 0 0 1 1 0 1 0 1 1 1 1 1 1 1 0 1 
1 0 1 2 2 2 0 1 2 0 2 0 0 1 2 0 2 2 2 1 2 1 2 1 2 0 2 1 1 0 1 2 2 0 0 1 1 1 1 1 3 0 1 1 1 1 1 1 1 1 0 1 1 1 1 0 0 1 1 1 1 1 0 1 1 0 1 1 1 1 1 1 1 1 1 2 2 1 1 0 2 2 0 2 2 2 0 0 1 1 0 1 1 0 0 4 0 2 0 2 1 2 2 2 1 1 1 1 1 1 1 1 0 1 1 0 1 1 1 1 1 1 1 1 1 1 1 1 1 0 1 0 0 1 1 0 1 0 1 0 0 1 1 1 1 1 0 1 0 1 0 1 1 1 1 1 1 1 1 1 
1 1 1 2 1 1 1 0 1 2 1 0 2 1 2 2 1 0 1 1 1 2 2 0 2 0 2 2 0 1 2 0 1 1 1 1 1 1 0 1 3 1 0 1 0 0 0 1 1 0 1 1 1 1 1 1 1 1 1 1 1 1 0 1 1 1 1 1 1 1 1 1 0 1 2 2 1 1 1 2 2 0 2 1 2 1 2 1 1 2 2 1 1 1 0 3 1 0 2 1 0 1 2 1 2 1 1 1 1 1 1 1 1 1 1 1 0 1 1 0 1 1 1 1 1 1 1 1 1 1 1 1 1 1 1 1 1 0 0 0 1 1 1 1 0 1 1 1 1 1 0 1 0 1 1 0 0 1 1 1 
1 1 2 0 2 1 1 0 2 0 2 2 2 1 1 0 1 0 1 1 2 2 0 0 1 2 1 1 2 1 1 2 1 1 1 1 1 1 0 1 3 0 1 0 0 1 1 1 1 1 0 1 1 0 0 0 1 1 1 0 1 1 1 1 1 1 1 0 1 1 1 1 1 1 2 0 1 0 1 1 2 1 2 2 1 2 1 2 2 2 2 2 2 2 1 3 2 2 0 2 1 0 0 2 2 2 1 1 2 2 0 1 2 0 1 0 0 1 1 1 1 1 1 1 1 1 1 1 0 0 1 1 1 1 1 0 0 1 0 1 1 1 1 1 1 1 0 0 1 1 1 1 0 1 1 1 0 1 1 1 
1 1 2 1 2 2 2 1 0 0 1 2 2 1 0 2 2 1 1 2 0 1 2 0 0 2 1 1 2 2 2 1 1 1 1 1 0 1 1 1 3 1 1 1 0 1 0 1 1 1 1 0 1 1 1 1 1 0 1 1 1 0 1 1 1 1 1 1 1 1 1 1 0 1 1 2 1 2 0 1 2 1 0 1 1 0 2 2 1 0 1 2 0 2 0 4 2 2 2 2 1 1 2 2 2 2 1 1 2 2 2 2 2 2 2 1 1 2 1 2 2 1 0 1 0 0 0 2 1 2 1 0 2 2 0 1 1 1 1 0 1 1 1 1 1 1 0 1 1 0 1 1 1 1 1 1 1 1 1 1 
1 1 1 1 2 2 1 1 1 2 2 0 1 1 2 1 2 2 1 1 1 2 2 0 0 1 1 0 2 2 1 1 1 0 0 1 1 1 1 1 3 0 1 1 1 1 1 1 1 1 0 0 1 1 0 1 1 1 1 1 1 1 1 1 1 1 0 1 0 1 1 1 1 1 2 1 1 1 2 2 1 1 1 0 2 1 1 2 2 2 1 2 1 1 0 4 2 2 1 2 2 1 2 0 2 2 2 1 0 0 2 2 2 2 1 0 2 2 2 1 2 2 1 2 2 2 1 2 2 2 1 2 2 0 1 0 1 1 0 1 1 1 1 1 1 1 1 0 1 1 1 1 0 1 0 1 1 0 1 0 
1 1 0 0 2 0 1 1 2 1 1 0 0 2 2 1 1 2 1 1 0 0 0 1 2 1 0 2 1 0 2 1 2 1 1 1 1 1 1 1 3 1 1 1 0 0 0 0 1 1 1 1 1 1 1 0 1 1 1 0 1 0 1 1 1 1 1 1 0 1 1 1 1 1 0 1 2 2 2 0 2 2 1 2 1 1 1 2 2 1 0 2 2 2 2 4 1 2 2 2 0 1 2 2 2 1 1 2 1 1 0 0 2 1 2 2 2 2 1 2 0 2 0 2 0 1 1 1 1 1 1 0 2 0 1 0 1 1 0 1 1 1 1 1 0 1 1 1 1 1 1 1 1 1 1 0 1 1 0 0 
1 1 2 2 2 2 0 2 0 1 1 2 2 2 2 2 1 2 1 2 2 1 0 1 2 0 2 2 1 2 2 2 2 0 1 1 0 0 1 1 3 1 1 1 1 1 1 0 0 1 1 1 1 1 1 0 1 1 1 0 1 1 1 0 0 1 1 1 1 1 1 0 0 1 0 1 1 0 0 1 1 2 1 1 1 1 2 2 2 1 2 2 1 1 2 4 0 2 2 2 2 2 0 1 0 2 2 0 2 2 2 2 2 1 0 0 0 1 2 2 1 0 2 0 0 1 0 0 2 0 0 2 2 2 1 1 0 1 0 1 1 1 1 0 1 1 1 1 1 1 1 1 1 1 1 0 1 1 1 1 
0 1 2 0 1 2 2 1 2 2 1 2 0 2 2 0 2 2 0 0 2 1 1 2 0 1 1 2 2 1 2 1 0 1 1 0 0 0 1 1 3 1 1 1 1 0 1 1 0 1 1 0 1 1 0 1 1 1 1 1 1 1 1 1 1 0 1 1 1 1 0 1 1 0 1 1 0 0 2 0 0 2 1 1 1 2 1 1 2 2 0 0 2 0 2 4 2 1 2 0 2 2 2 2 2 1 1 2 2 2 1 0 2 1 1 2 2 0 2 1 2 2 1 2 2 0 1 0 2 2 0 1 1 1 1 1 1 1 0 0 1 1 0 1 1 0 0 1 1 1 1 1 1 1 1 1 1 1 1 0 
1 1 2 2 0 1 2 2 2 2 2 0 1 2 0 1 1 2 2 2 2 2 2 2 2 2 2 1 2 2 0 2 2 0 1 1 1 0 0 1 3 1 1 1 1 1 0 1 1 0 1 1 0 1 1 1 1 1 1 1 1 1 1 1 1 1 1 0 1 0 1 1 0 0 0 1 2 2 1 1 1 2 2 0 2 1 2 0 2 0 1 2 2 2 2 4 0 2 2 1 2 2 0 0 2 2 0 0 2 2 2 2 2 1 2 0 0 0 2 2 1 2 0 0 2 0 0 1 0 2 0 2 0 2 1 1 1 1 1 0 1 1 1 1 1 1 1 1 1 1 1 0 1 1 1 1 1 1 0 1 
1 1 2 2 0 2 2 2 2 1 2 0 2 1 2 0 0 2 2 2 2 2 2 2 2 2 2 2 0 0 0 0 2 1 1 1 1 1 0 0 3 0 0 1 1 1 1 1 1 0 1 1 1 1 0 1 1 0 0 1 1 1 1 1 0 1 1 1 1 1 1 1 1 1 1 2 1 1 1 1 1 2 2 1 2 2 0 2 2 0 1 2 2 0 1 4 2 2 2 2 0 2 2 2 0 2 2 0 2 2 2 1 1 2 0 2 2 2 2 2 0 2 2 2 2 1 2 2 1 1 2 2 0 1 1 1 1 1 0 1 1 0 1 1 1 1 1 0 1 1 1 1 1 0 1 1 1 1 1 1 
1 1 2 2 2 2 0 2 2 2 2 1 2 2 2 2 0 1 2 2 2 2 1 1 2 2 1 0 1 1 0 1 0 1 1 1 1 0 0 1 3 1 1 1 1 1 1 1 1 1 1 1 1 1 0 1 1 1 1 1 1 1 1 1 0 1 1 1 1 0 1 0 1 0 1 0 2 2 2 0 1 2 0 2 1 2 2 2 2 2 2 2 0 0 2 4 0 2 0 0 0 2 2 2 1 0 0 2 2 1 0 2 2 1 2 2 2 2 2 1 2 2 1 0 1 2 1 1 1 2 2 2 1 2 1 1 0 1 1 1 1 1 0 1 0 1 1 1 1 0 0 1 1 1 1 1 1 1 1 1 
3 0 1 2 2 0 2 2 0 1 2 1 2 2 2 0 1 2 1 1 0 2 2 2 2 2 2 2 2 1 2 2 0 1 1 1 1 0 0 0 3 0 1 1 1 1 0 1 1 1 0 1 1 1 1 1 1 1 1 1 1 1 1 1 0 1 1 0 1 1 1 1 1 0 2 0 1 1 1 1 2 1 1 1 0 1 1 2 2 2 2 2 0 2 2 4 2 2 0 2 2 2 0 0 2 2 2 0 1 1 2 2 1 0 0 2 2 2 0 2 1 2 1 2 1 2 2 2 2 2 2 1 1 0 1 1 1 1 1 0 1 1 1 1 1 1 1 0 1 1 1 0 1 1 1 1 0 1 1 1 
3 1 0 2 2 1 2 1 2 2 2 2 1 0 1 0 2 2 0 2 1 2 1 2 0 2 1 2 2 0 1 1 2 1 1 0 1 1 1 1 3 0 1 1 1 1 0 0 1 1 1 1 1 1 1 1 1 1 1 0 1 1 0 1 1 1 0 1 0 1 1 0 1 1 1 2 1 2 0 2 1 2 2 1 2 2 0 1 0 2 2 2 2 0 0 4 2 1 0 1 2 2 2 2 0 2 2 2 2 2 2 2 1 0 2 2 2 2 0 2 1 2 0 0 1 1 2 1 2 1 1 2 1 2 1 1 1 1 1 0 1 1 1 1 1 0 0 0 1 1 1 1 1 1 1 1 0 1 1 0 
3 0 2 2 0 2 2 2 2 2 1 2 1 1 2 2 1 1 1 2 1 0 1 2 1 2 2 0 2 2 2 2 1 1 1 1 0 1 1 1 3 1 1 1 1 0 1 1 0 0 1 1 1 1 0 1 1 1 1 1 1 1 1 1 0 1 1 1 1 1 1 1 1 0 2 0 1 1 2 2 1 2 2 2 1 0 0 0 0 2 2 2 0 2 0 4 2 0 0 2 2 1 2 2 2 2 0 2 2 1 1 2 2 2 2 1 2 1 2 2 1 0 2 2 1 0 1 0 2 1 1 1 0 0 0 1 1 1 1 0 0 1 1 0 1 1 1 1 1 0 1 1 1 1 0 1 1 0 1 1 
3 1 2 2 1 2 1 0 2 0 2 1 0 2 2 2 2 0 2 2 1 2 1 2 2 1 1 2 0 1 1 2 0 1 1 1 1 1 1 1 3 1 1 1 1 1 0 1 0 1 1 1 1 1 1 1 1 1 1 1 1 1 1 1 1 1 1 1 0 1 1 1 1 0 2 1 2 2 0 2 2 0 0 1 2 0 2 0 2 2 2 2 1 0 2 4 1 1 0 2 1 2 2 0 0 1 1 0 2 0 0 2 1 2 1 0 1 1 1 2 0 2 2 1 2 0 1 2 1 1 1 2 2 1 1 1 1 1 1 1 0 1 1 1 1 1 0 1 1 1 1 1 1 1 1 1 1 1 1 1 
3 0 2 2 2 2 2 2 2 2 2 2 2 2 2 0 2 2 2 0 0 2 1 1 2 2 2 1 0 0 0 2 2 1 1 1 0 1 1 1 3 1 1 0 1 1 1 1 1 1 1 0 0 0 1 1 1 0 1 1 1 1 0 1 1 1 1 0 1 0 1 1 1 1 0 0 1 2 1 1 1 1 2 1 0 1 1 0 0 0 1 2 2 1 2 4 2 1 1 2 2 2 1 2 2 2 2 1 2 2 0 2 1 2 1 2 1 2 0 0 0 1 2 0 1 1 1 0 2 2 2 0 2 2 1 1 1 1 1 1 0 0 0 1 0 1 0 1 1 1 1 1 1 1 1 1 1 1 1 1 
3 0 0 1 2 2 2 1 2 2 1 2 0 2 2 2 1 1 0 0 1 1 0 2 2 0 2 2 1 2 2 2 0 0 1 1 0 1 1 1 3 0 1 1 1 1 1 1 1 1 0 1 1 1 1 1 1 1 1 1 1 0 1 1 1 1 0 1 1 1 1 1 0 0 2 2 0 2 1 2 1 1 1 1 1 2 0 1 2 2 2 2 2 0 2 4 2 1 0 2 2 1 2 2 2 0 2 1 1 2 2 0 2 0 2 2 2 1 1 1 2 1 1 0 1 1 1 2 0 1 2 1 1 2 1 1 1 1 0 1 0 1 1 1 1 1 1 1 1 1 0 1 1 1 1 1 0 1 1 1 
3 1 2 0 0 2 2 1 2 0 1 0 0 1 0 2 0 2 0 0 2 2 0 1 1 2 0 2 2 2 2 2 2 1 1 1 1 1 1 1 3 1 1 1 1 1 1 1 1 0 1 0 1 0 1 1 0 1 1 1 1 1 0 1 1 1 1 1 1 1 1 1 1 1 1 2 1 0 0 1 1 2 0 1 1 0 1 2 2 0 1 2 0 2 2 3 2 2 2 2 2 2 2 2 0 0 2 2 2 2 1 2 2 2 2 1 0 2 2 1 1 2 1 1 1 1 0 0 2 1 1 2 0 2 0 1 1 0 1 1 1 0 0 0 1 1 1 1 0 1 0 1 1 0 1 1 0 1 1 1 
3 0 2 2 1 0 2 1 2 1 2 2 2 2 0 1 2 2 2 0 2 2 1 1 2 1 1 1 0 2 2 1 0 1 1 0 1 0 1 1 3 1 1 1 1 0 1 1 1 1 1 1 0 1 0 1 1 1 1 0 0 0 1 1 1 0 1 1 1 1 1 1 1 1 2 1 2 2 2 1 1 1 1 1 0 2 1 0 1 2 2 1 1 2 2 4 0 1 2 1 1 2 0 2 2 2 0 1 1 1 2 1 2 1 2 0 2 2 1 1 2 1 1 2 2 2 2 2 1 2 2 0 1 1 1 0 1 1 1 1 1 1 1 1 0 1 1 1 1 1 1 1 1 1 1 1 1 1 1 0 
3 1 2 0 2 2 0 0 2 1 2 2 2 1 0 2 1 2 2 2 2 0 2 2 2 2 2 2 2 0 2 0 2 1 1 0 1 0 1 1 3 1 1 1 1 1 1 1 1 1 1 1 0 1 0 1 0 1 1 1 1 1 0 1 1 0 1 1 1 1 1 0 1 0 2 2 0 1 1 0 1 1 2 0 1 2 1 2 2 2 2 0 1 2 2 4 0 1 2 0 2 0 2 2 2 2 2 2 2 2 0 2 2 0 2 1 2 1 1 2 0 1 1 2 1 1 1 0 2 0 2 2 1 2 1 1 1 1 1 1 0 1 1 1 0 1 1 0 1 1 1 0 1 1 1 0 0 0 0 1 
3 1 0 2 2 2 2 1 2 0 1 0 2 0 2 0 0 1 2 0 1 1 2 2 2 0 2 2 2 2 0 0 2 1 1 1 0 1 0 1 3 1 0 1 0 0 1 1 0 1 1 1 0 1 1 1 0 1 1 0 0 1 1 1 1 1 0 1 0 1 1 1 0 1 2 2 2 2 1 1 1 2 2 2 1 2 0 2 1 2 2 0 1 2 1 4 1 2 2 1 0 1 2 2 2 1 2 1 2 1 2 0 0 2 2 2 2 2 0 2 2 1 2 2 1 1 2 2 0 2 0 2 1 2 1 1 0 1 0 1 1 1 1 1 1 1 1 0 1 0 1 1 1 0 1 1 1 0 1 1 
3 1 2 0 0 2 2 2 2 0 1 1 1 2 2 0 1 1 0 2 1 1 0 2 0 1 2 1 1 2 0 1 0 1 1 1 1 1 1 0 3 1 1 0 1 0 1 1 1 1 1 0 1 1 1 0 1 1 0 1 1 1 1 1 1 0 1 1 0 1 1 1 0 0 0 1 2 2 1 2 2 0 2 2 2 2 1 0 2 1 2 2 2 2 0 3 1 0 0 2 2 1 0 0 2 1 1 1 2 2 0 1 1 1 2 1 1 0 2 1 2 0 0 2 1 1 2 2 1 0 2 0 1 2 1 1 1 1 1 1 1 1 1 1 1 0 1 1 1 1 1 0 1 0 1 1 1 1 0 1 
3 1 2 1 2 0 2 2 2 2 1 1 2 0 1 0 0 2 0 2 2 1 0 1 0 2 1 2 0 2 2 2 0 1 1 0 1 1 1 1 3 1 1 1 1 0 1 0 0 0 0 1 1 0 1 0 1 1 0 1 1 0 1 1 1 0 1 0 1 0 0 1 1 1 1 1 1 1 2 0 2 0 2 1 1 1 1 2 2 1 1 0 0 1 2 4 1 2 2 1 2 0 2 2 2 1 2 1 2 0 2 2 0 1 0 2 2 1 0 2 2 0 1 0 1 2 1 2 1 1 1 0 1 2 0 1 1 1 1 1 1 1 1 1 1 1 0 1 1 0 1 1 1 0 0 1 1 1 1 1 
3 1 0 2 2 1 1 2 1 0 1 0 1 2 1 2 1 0 1 2 0 2 2 2 1 2 2 0 1 0 0 1 1 1 1 1 1 1 1 1 3 0 1 0 1 1 1 1 1 0 1 1 1 1 1 1 0 1 1 1 1 1 1 0 1 1 1 1 1 1 0 0 1 0 0 1 2 1 0 0 0 2 1 0 2 1 0 2 2 0 2 2 2 1 2 4 1 2 2 2 1 2 1 2 0 2 2 0 2 2 0 2 2 2 0 2 2 2 2 2 2 2 2 0 1 2 1 2 1 1 2 2 1 2 1 0 1 1 1 1 1 1 1 1 1 1 1 1 0 1 0 0 1 1 1 1 0 1 1 1 
3 1 0 1 2 2 2 2 1 2 1 1 2 2 2 1 2 1 2 2 2 1 1 1 0 0 2 2 1 1 0 1 2 1 1 1 1 1 0 0 3 1 1 1 1 0 0 0 1 1 1 0 1 0 1 1 1 1 1 1 1 1 1 1 1 1 1 1 1 1 1 1 1 1 1 1 1 1 1 1 1 1 0 1 1 0 1 1 2 0 0 2 2 0 0 3 2 2 0 1 0 2 0 2 1 2 2 0 1 0 2 2 1 1 1 2 1 2 0 2 1 0 1 2 1 1 0 2 0 1 1 2 1 0 1 1 1 1 1 0 1 0 1 0 1 1 1 1 1 1 1 1 1 1 1 1 1 0 1 0 
3 1 1 0 2 2 1 2 2 2 1 0 1 1 1 2 2 1 2 0 0 0 2 1 2 0 1 1 1 1 2 0 1 1 1 1 1 1 1 1 3 1 1 0 1 1 1 0 1 0 1 1 1 0 1 1 1 1 0 1 1 1 1 1 1 1 1 1 0 1 0 0 1 1 0 1 0 1 1 1 1 1 1 1 0 1 1 1 0 2 1 0 1 2 2 3 2 1 0 0 2 1 0 1 0 0 1 2 2 0 1 0 0 2 2 1 1 2 2 1 2 2 0 2 1 0 1 0 1 2 0 1 1 1 0 1 1 1 0 1 1 1 1 0 1 0 1 1 1 0 1 1 1 0 0 1 1 1 1 1 
3 1 2 2 1 0 2 1 2 1 1 0 2 1 2 1 1 2 1 2 1 1 1 1 0 0 1 1 2 1 0 1 1 0 0 1 1 1 1 1 3 1 1 1 1 1 0 1 1 1 1 0 1 1 1 1 1 0 1 1 1 1 1 1 0 1 1 1 1 0 1 1 1 1 1 1 1 1 1 1 1 1 1 1 1 1 0 0 0 2 0 0 2 2 1 3 0 2 2 2 0 2 0 1 2 1 1 2 0 2 0 1 1 1 0 0 2 1 0 1 1 0 2 1 2 1 2 2 1 0 1 0 2 2 1 1 1 0 0 1 0 0 1 1 1 1 1 1 1 0 0 1 1 1 1 0 1 1 1 1 
3 1 2 1 2 2 1 2 1 1 1 2 2 0 2 2 2 2 1 2 1 2 0 0 1 1 0 1 0 1 2 1 1 1 1 1 1 1 0 1 3 1 1 1 0 1 0 1 1 1 1 1 1 1 1 1 1 1 0 0 1 1 1 1 1 1 1 0 1 1 0 0 0 1 1 1 0 1 1 1 1 1 1 1 1 1 1 1 2 1 1 2 2 1 1 4 1 0 0 1 0 1 0 2 2 0 2 2 0 2 2 2 2 0 0 2 1 1 1 2 1 0 0 2 2 0 1 2 1 1 1 2 1 1 1 1 1 1 1 1 1 1 1 1 1 1 0 1 1 1 0 1 1 1 1 1 1 1 1 1 
3 1 2 1 1 2 1 2 1 2 2 2 1 1 0 2 0 1 0 1 2 0 0 2 1 2 1 0 0 0 2 0 0 1 0 1 1 1 1 1 3 0 1 1 1 1 1 1 0 1 1 1 0 1 1 1 1 1 1 1 0 1 1 0 1 1 0 1 1 1 1 1 0 1 1 0 0 1 1 0 1 1 1 1 1 1 1 2 2 1 2 1 2 1 2 4 1 2 1 2 0 1 2 2 2 1 2 0 0 1 2 2 2 0 0 2 1 0 0 1 0 0 1 2 1 2 1 1 1 1 0 1 2 2 1 1 1 1 1 1 1 1 1 0 0 1 1 0 1 1 1 0 1 1 1 1 1 0 1 1 
3 1 2 1 1 2 1 0 0 0 2 2 0 2 1 1 2 1 2 2 0 2 1 2 0 2 0 0 2 2 2 2 1 1 1 1 1 1 1 0 3 1 1 1 0 1 1 0 1 0 1 1 1 1 1 1 1 1 1 1 1 1 1 0 1 1 0 1 1 1 1 0 0 1 0 1 1 1 1 1 1 1 1 1 1 0 0 2 0 1 2 2 1 0 1 4 1 1 2 2 0 1 1 2 2 2 2 2 2 0 1 1 2 2 2 2 2 2 2 0 1 2 0 0 2 2 1 2 0 1 2 0 1 1 1 1 1 1 1 1 1 0 0 0 0 1 1 1 1 0 1 1 1 1 1 1 1 1 1 1 
3 1 1 2 1 2 1 1 2 2 1 0 0 2 0 1 2 0 2 2 2 2 2 1 1 2 2 0 0 1 2 0 2 1 0 1 1 0 1 1 3 1 1 1 1 1 1 0 1 0 1 1 1 0 1 1 1 1 1 1 0 1 0 1 1 1 1 1 0 1 1 1 1 1 1 1 0 0 0 1 1 1 1 1 1 1 1 2 1 2 2 2 2 2 0 4 1 2 2 2 0 2 2 2 1 1 1 0 2 2 2 2 0 2 0 2 2 0 2 0 0 2 2 0 2 1 1 1 1 1 2 1 2 2 1 1 1 1 0 0 1 1 1 1 1 1 0 1 1 1 1 1 0 1 1 1 0 1 0 1 
3 3 4 3 4 4 3 3 4 4 4 4 4 3 3 3 4 4 3 3 4 3 4 4 4 4 4 4 4 3 3 4 3 3 3 3 3 3 3 3 3 0 1 1 1 1 1 1 0 1 1 0 1 1 1 0 0 1 1 1 1 1 1 0 1 1 0 1 1 0 1 0 1 0 0 1 0 1 1 0 1 1 1 1 1 1 0 0 2 1 2 2 1 1 2 4 2 1 1 0 2 1 1 2 1 1 2 2 1 2 1 1 2 2 1 2 2 0 2 1 1 0 2 2 2 0 2 2 0 1 1 2 1 0 1 0 1 1 0 1 1 1 1 1 1 1 1 1 1 1 1 1 1 1 1 1 1 0 0 1 
1 1 1 1 0 1 0 1 2 1 2 1 1 2 1 2 1 2 2 2 2 1 1 1 2 2 2 1 0 0 2 1 2 1 1 1 1 1 1 1 1 1 1 1 1 1 1 1 1 1 0 1 1 0 1 1 1 0 0 0 1 1 1 1 1 1 0 1 1 1 1 1 0 1 1 0 1 0 1 1 0 1 1 1 1 1 0 2 1 1 0 2 2 2 1 4 1 2 1 2 2 2 2 0 2 0 2 2 2 0 2 2 1 0 2 0 2 0 0 0 0 2 2 2 0 1 1 2 1 2 2 1 1 2 1 1 0 1 1 1 1 1 1 1 0 1 1 1 1 0 0 1 1 1 1 1 1 1 1 0 
1 1 1 1 1 1 2 2 0 2 2 1 1 0 2 2 2 2 1 1 1 2 1 0 1 1 1 2 0 1 1 1 2 1 1 1 1 1 0 0 1 0 1 1 1 1 1 1 1 0 1 0 1 1 0 0 1 1 1 1 1 1 1 0 1 1 1 0 1 1 1 1 1 1 0 1 1 1 1 1 1 1 1 1 0 1 1 1 1 1 1 1 1 1 1 3 3 3 3 3 3 3 3 4 4 4 3 4 3 3 4 4 3 3 4 4 4 4 4 4 4 4 3 3 4 3 4 4 3 4 4 4 4 4 3 3 3 3 3 3 3 3 3 3 3 3 3 3 3 3 3 3 3 3 3 3 1 0 1 1 
0 0 0 1 1 0 1 2 0 1 1 1 2 1 1 1 2 0 2 1 2 1 1 1 2 0 2 2 1 2 2 2 1 1 1 1 1 1 0 0 1 1 1 1 0 0 1 1 1 1 1 1 1 1 0 1 0 0 1 1 1 1 1 1 1 1 1 0 1 1 1 1 0 1 0 1 1 1 1 1 1 1 1 0 0 0 1 1 0 0 1 1 1 1 1 1 0 1 1 1 1 1 1 1 0 1 1 0 1 1 0 1 0 0 1 1 0 1 1 1 1 1 1 1 1 1 1 1 0 1 1 1 1 0 1 1 0 1 1 0 1 1 0 1 0 1 0 1 1 0 1 1 1 1 1 3 1 0 1 0 
1 1 1 2 1 2 1 2 1 2 1 2 1 2 2 0 2 2 2 1 2 1 0 1 0 1 1 0 1 1 2 2 2 1 1 1 1 1 1 0 1 0 1 1 0 0 1 1 0 0 1 1 0 1 1 1 1 1 1 1 1 0 1 1 1 1 1 1 1 0 0 1 1 1 1 1 1 1 0 1 1 0 0 1 1 1 0 1 0 1 1 1 1 1 0 1 0 1 1 1 1 0 0 1 1 1 1 1 1 0 1 1 1 1 1 0 1 1 0 1 1 1 0 1 1 1 1 1 1 1 0 1 0 1 1 1 0 1 1 0 1 1 0 1 1 1 1 1 1 0 0 1 1 0 1 3 0 1 1 1 
1 1 1 2 1 2 2 1 2 1 0 2 1 0 1 1 2 2 0 1 2 0 1 2 1 2 2 2 0 1 2 1 1 1 1 1 1 1 1 0 1 1 1 1 1 1 1 0 1 1 0 1 1 1 1 1 1 1 1 1 1 1 1 1 1 0 1 1 1 0 1 1 1 0 0 1 1 1 0 1 1 1 1 0 1 0 1 1 1 1 1 1 1 1 1 1 1 0 1 1 1 0 1 1 1 1 1 1 1 1 0 0 1 1 1 1 0 0 1 1 1 1 1 1 1 1 1 0 1 1 1 1 0 0 1 1 1 1 1 1 1 1 1 1 1 1 1 1 1 1 1 0 1 1 0 3 1 1 1 1 
1 0 1 1 1 1 1 1 1 1 1 0 0 1 1 1 1 1 0 1 1 1 1 0 0 1 1 0 1 0 1 1 0 1 1 1 1 1 1 1 1 1 1 1 1 1 1 1 1 0 1 1 1 1 2 1 2 0 1 1 0 1 2 0 0 2 0 2 0 0 0 2 0 2 0 1 1 2 1 1 2 0 1 2 1 1 1 0 1 0 1 0 1 1 0 1 0 1 1 1 0 1 1 1 1 1 1 1 0 0 1 1 0 1 1 0 1 0 1 1 1 1 0 1 1 1 1 1 1 1 1 1 1 1 1 1 1 1 0 1 1 1 1 1 1 1 1 1 1 1 1 1 0 1 1 3 1 1 1 0 
1 1 1 1 1 1 1 0 1 0 1 1 0 1 0 0 0 1 1 1 1 1 1 1 1 0 1 0 1 1 1 1 1 1 1 0 1 1 1 1 1 1 1 1 1 1 1 1 1 1 1 0 0 1 1 2 2 1 0 1 2 2 0 1 0 2 2 0 2 1 1 0 0 2 2 1 0 1 2 2 1 1 1 1 2 1 1 1 1 0 1 1 1 0 1 1 1 1 1 1 1 1 1 0 1 1 1 1 0 1 1 1 1 1 1 1 1 1 1 1 1 0 1 1 1 1 1 1 0 1 0 1 1 1 0 1 1 1 0 1 1 1 1 1 1 1 0 1 0 0 0 1 1 1 1 3 1 1 1 1 
1 1 1 1 0 1 1 1 1 1 1 1 1 1 1 1 1 1 0 1 1 1 0 0 0 1 1 1 1 1 1 1 1 1 0 1 1 1 1 1 1 1 1 0 1 1 1 1 1 0 1 1 1 0 1 1 1 1 0 2 1 2 1 1 0 0 0 2 0 0 0 2 2 1 2 1 0 0 2 2 1 2 1 2 2 1 1 1 1 0 1 1 1 0 1 1 0 1 1 1 1 1 1 0 1 1 1 1 1 1 1 0 1 1 0 1 1 0 0 1 1 1 1 0 1 1 1 1 1 1 1 1 1 1 1 1 1 1 1 0 1 1 0 1 1 1 1 0 1 1 1 1 1 1 1 3 0 1 0 1 
1 1 1 1 1 1 0 1 1 1 0 1 1 0 0 1 0 1 1 1 1 1 1 1 1 1 1 1 1 1 1 1 1 1 0 1 1 0 1 1 0 1 1 1 0 1 0 1 0 1 1 1 1 1 1 2 2 1 2 2 2 0 2 2 0 1 0 1 2 0 1 0 1 0 2 2 2 2 1 0 2 1 1 2 2 1 1 1 1 1 1 1 1 1 1 1 1 1 1 1 1 1 1 1 1 0 0 1 1 0 1 1 0 1 1 1 1 1 1 1 0 1 1 1 1 1 1 1 1 1 1 1 0 1 1 1 0 1 1 1 1 0 1 1 0 1 1 1 1 1 1 1 1 1 1 3 1 1 1 1 
1 1 1 1 1 0 1 1 0 1 1 1 1 1 1 0 1 0 0 0 0 1 1 0 1 0 1 1 1 1 1 0 1 1 1 1 1 0 1 1 1 0 0 1 1 1 0 1 0 1 1 1 0 0 2 2 1 0 1 0 2 2 1 2 1 2 1 0 2 1 2 1 1 0 0 2 1 1 2 1 2 1 2 0 2 1 1 1 1 1 1 0 1 1 1 1 0 1 0 0 0 1 1 1 1 1 1 0 1 1 1 1 1 1 1 0 1 1 1 1 1 1 1 1 1 0 1 0 0 1 1 1 1 1 1 1 1 1 0 0 0 1 1 0 1 1 0 0 1 0 1 1 1 1 1 3 1 1 1 1 
1 1 1 1 1 1 0 1 1 1 1 1 1 1 0 0 1 0 1 1 0 1 1 1 1 1 1 1 1 1 0 1 1 1 1 1 0 1 1 1 1 1 1 1 1 1 1 1 0 1 1 1 1 1 2 1 2 1 1 2 2 1 1 0 0 2 1 1 2 1 2 1 1 2 1 0 1 0 2 2 0 1 0 2 0 1 0 1 0 1 1 1 0 1 0 1 0 1 1 1 1 1 1 1 1 0 1 1 1 0 1 1 1 1 1 0 1 1 1 0 1 1 1 0 1 1 1 1 1 1 1 1 1 1 1 1 1 0 0 0 0 1 1 1 1 0 1 1 1 1 0 1 1 1 1 3 1 1 1 1 
1 1 1 1 1 1 1 0 1 1 0 0 1 1 1 1 1 1 1 1 1 0 1 1 1 1 1 0 1 1 0 1 1 1 1 1 1 0 1 1 1 1 0 1 1 1 1 1 1 1 1 1 0 1 2 2 1 2 2 0 1 2 1 1 2 2 2 2 1 2 0 1 1 2 1 2 1 0 1 0 2 2 2 1 1 1 1 1 1 1 1 0 1 1 1 0 1 0 1 1 1 1 0 1 1 1 0 1 1 1 1 1 1 1 1 1 0 1 1 0 1 0 1 1 1 0 1 1 1 0 1 1 1 1 1 0 1 1 1 1 1 1 1 1 1 0 1 1 0 0 0 1 0 1 1 3 1 1 1 1 
1 1 1 1 1 1 1 1 1 0 1 1 1 1 1 1 0 0 1 0 1 1 1 1 1 1 1 1 1 1 0 1 1 1 1 1 1 1 1 1 1 1 1 1 1 1 1 0 1 1 1 0 1 0 2 0 2 1 0 2 0 2 0 1 2 1 1 1 2 0 1 2 1 2 2 2 1 1 2 1 1 2 1 0 1 1 1 1 0 1 1 1 0 0 1 1 1 1 1 1 1 1 0 1 1 1 1 1 1 1 1 1 1 1 0 1 1 1 1 1 0 1 1 1 1 1 0 1 1 1 1 0 1 1 1 1 1 1 1 1 1 1 1 0 1 0 0 1 1 0 1 1 1 0 1 3 1 0 1 1 
0 1 1 1 1 1 1 1 1 1 1 0 1 1 1 1 1 1 1 0 1 0 0 0 1 1 1 0 1 1 1 1 1 0 1 1 1 1 0 1 0 1 1 1 0 0 1 0 1 1 0 1 1 1 2 2 2 1 1 1 2 1 0 2 1 1 2 2 1 0 2 0 2 1 2 0 1 2 2 0 2 1 2 2 2 0 1 1 0 1 1 1 1 1 1 1 0 1 1 0 1 1 1 1 1 1 1 1 0 0 1 1 1 1 0 0 1 1 1 1 0 1 1 0 1 1 1 1 1 0 1 1 1 1 0 1 1 0 1 0 0 1 0 1 1 1 1 1 1 1 0 1 1 1 1 3 0 1 1 1 
0 1 1 0 0 1 1 1 0 1 0 1 1 0 1 0 1 1 0 1 1 1 1 1 1 1 0 1 0 1 1 1 1 1 0 1 1 1 0 1 1 0 1 0 1 1 1 1 1 1 0 0 1 0 1 0 0 1 0 2 1 2 2 1 2 2 1 2 2 1 1 0 1 0 2 2 0 1 0 2 1 0 1 1 0 0 0 0 1 1 1 1 1 1 1 1 1 1 0 1 1 1 0 1 1 0 0 1 0 1 1 1 1 1 1 1 1 1 1 0 1 1 1 1 1 1 1 0 1 1 1 1 0 1 1 1 1 1 1 0 1 0 1 1 1 1 1 1 1 0 1 1 1 1 1 3 0 1 1 0 
1 0 1 1 1 1 1 0 1 1 1 0 1 1 1 0 1 1 1 0 1 1 1 1 1 1 1 1 0 1 1 1 1 1 1 1 1 1 0 0 1 1 1 1 1 1 1 1 1 1 1 1 1 1 2 2 0 2 1 2 1 2 1 1 0 2 1 0 2 2 2 1 1 1 2 1 2 2 1 2 2 0 2 0 0 1 1 1 0 0 0 1 0 1 1 1 1 0 1 1 1 1 1 0 1 1 1 1 0 1 1 1 1 1 0 1 1 1 1 1 1 1 1 1 1 0 1 1 1 1 0 1 1 1 1 1 1 1 0 0 1 1 0 1 1 1 0 1 0 1 1 1 1 1 0 3 0 1 1 1 
1 0 0 1 1 0 0 1 1 1 1 1 1 1 1 0 0 1 1 1 1 1 1 1 1 1 1 1 1 1 1 1 1 1 0 1 0 1 1 1 1 1 1 1 1 1 1 0 0 1 1 1 0 1 2 2 2 2 2 0 1 2 2 2 2 2 2 1 0 0 2 0 0 2 2 0 0 1 1 1 0 0 2 2 0 1 1 1 1 1 1 1 1 1 1 1 1 1 0 1 1 0 1 1 1 1 1 1 0 0 0 1 1 1 1 0 0 1 1 1 0 1 1 0 1 1 1 1 1 1 1 1 1 1 1 1 1 0 1 1 1 1 1 1 1 1 1 1 0 0 1 0 1 0 0 3 1 1 1 0 
1 0 1 1 0 1 1 1 1 1 1 1 1 1 1 1 1 1 1 1 1 1 0 1 0 1 1 1 1 0 1 1 1 1 1 1 1 0 0 1 0 1 1 1 1 1 1 1 1 1 1 1 0 1 1 2 2 0 1 2 2 2 2 2 2 1 2 0 1 0 1 2 2 1 1 0 0 2 0 2 2 2 1 0 1 0 1 1 1 1 1 1 0 1 1 0 0 1 1 0 1 1 1 1 1 1 1 1 1 1 1 1 1 1 0 1 1 1 1 1 0 1 0 1 1 0 1 1 0 1 1 1 1 1 1 1 1 1 1 1 1 0 0 1 1 0 0 1 1 0 1 1 1 1 1 3 0 1 1 1 
1 1 1 1 0 0 0 1 1 1 1 1 1 1 1 1 0 1 0 1 1 1 0 1 1 1 0 1 1 1 1 0 1 1 0 1 1 1 1 1 1 1 1 1 1 0 1 1 1 1 1 1 1 1 1 0 2 1 2 0 1 2 2 1 0 2 1 0 1 2 2 1 2 0 0 0 2 1 0 2 2 1 2 1 1 1 1 1 0 0 0 1 1 1 1 1 1 1 1 1 1 1 1 1 1 1 1 1 0 1 1 1 1 1 0 0 1 0 1 1 1 1 1 1 1 0 1 0 1 1 1 1 1 1 1 0 0 0 1 1 1 1 1 0 0 1 1 1 1 1 1 0 1 1 0 3 1 1 1 1 
1 1 1 1 1 1 1 1 1 1 1 1 1 1 1 0 1 1 1 1 1 1 1 0 1 0 1 1 1 1 1 1 1 1 1 1 0 1 1 1 0 1 1 1 0 1 1 1 1 1 1 1 1 0 2 1 0 0 1 2 0 0 2 0 1 1 0 2 1 0 2 1 2 0 2 2 2 0 1 2 2 1 2 1 0 1 1 1 1 1 1 1 1 1 0 1 1 0 0 1 1 1 1 1 1 0 1 1 0 1 0 1 1 1 0 1 1 1 1 1 1 0 1 1 1 1 1 1 1 1 0 1 1 1 1 1 1 0 0 1 1 1 1 1 1 1 0 1 1 1 1 1 1 1 1 3 1 1 1 1 
1 1 0 0 0 1 1 1 0 0 0 1 1 0 0 1 0 0 1 1 1 0 1 1 1 0 0 1 0 0 0 1 1 0 0 1 1 1 1 1 1 0 1 1 1 1 1 1 0 1 1 0 0 1 1 1 1 0 2 2 1 2 1 1 2 2 1 2 0 2 1 2 1 1 2 2 0 2 2 2 2 0 0 1 2 1 0 1 1 1 0 1 1 1 1 1 0 0 1 1 1 0 1 1 1 0 0 1 0 1 0 1 1 1 1 1 1 0 1 1 1 1 1 1 0 1 1 1 1 1 0 1 1 1 1 1 1 1 1 1 1 1 1 1 0 1 1 1 1 1 1 1 0 1 1 3 1 0 1 1 
1 0 1 1 1 1 1 1 0 1 1 1 0 0 1 1 0 1 1 1 1 1 1 1 0 0 1 1 1 1 0 1 1 1 0 0 1 1 0 1 0 0 1 0 1 1 1 0 0 1 1 1 1 1 2 1 0 0 0 1 2 2 2 1 1 1 1 1 1 1 1 1 1 1 0 1 2 1 1 2 1 0 2 1 0 1 1 1 1 1 1 1 0 1 1 1 0 1 0 1 1 1 1 0 1 0 1 1 1 0 1 1 1 1 0 0 1 1 1 1 1 1 1 1 1 1 1 1 1 1 1 1 1 1 0 1 1 0 1 1 1 1 1 0 1 1 0 1 1 1 1 1 1 1 1 3 3 3 3 3 
1 1 1 0 1 1 1 1 1 1 1 0 1 1 1 0 0 1 0 1 1 0 1 1 0 1 1 0 1 1 1 1 1 1 1 1 1 0 1 1 1 0 1 1 1 1 1 1 1 1 0 1 1 1 2 1 1 1 2 2 1 1 1 1 2 1 2 0 2 0 2 0 1 1 1 1 1 2 0 0 1 2 2 1 1 0 0 1 1 1 1 1 1 1 1 0 1 1 1 1 0 1 1 0 1 0 1 1 1 0 0 1 1 1 1 0 1 1 1 1 1 0 1 1 1 0 0 0 0 1 1 1 1 1 1 0 1 0 1 1 1 1 1 1 1 0 1 1 1 1 1 1 1 0 1 0 1 0 0 1 
1 1 1 0 1 1 1 1 1 0 1 1 1 0 0 1 1 1 1 1 0 1 1 0 1 0 1 1 1 1 1 1 1 1 0 1 1 1 1 1 1 1 1 0 1 1 1 1 0 0 1 0 1 0 0 2 1 2 1 1 1 0 2 2 1 1 1 2 1 1 0 2 2 0 0 1 1 1 1 2 1 0 1 0 2 1 1 1 1 1 1 1 1 1 1 1 1 1 1 1 1 1 0 1 1 1 1 1 1 1 0 0 1 1 1 1 1 1 1 1 1 1 1 1 0 1 1 1 1 1 0 1 0 1 1 1 1 1 1 0 1 1 0 1 1 1 1 1 0 1 1 1 1 1 0 1 0 1 1 1 
0 1 0 1 1 1 0 0 1 1 1 1 1 1 1 1 1 0 1 1 0 0 0 1 1 1 1 1 0 1 1 1 1 1 1 1 0 0 1 0 1 1 0 1 1 1 1 1 1 1 1 0 1 1 2 1 1 1 1 0 1 0 0 2 1 1 1 0 2 1 1 1 1 1 2 2 0 1 1 1 1 1 1 0 1 1 1 0 1 1 1 1 1 1 1 0 1 1 1 0 1 1 1 1 1 0 1 1 0 1 1 1 1 1 1 1 1 0 1 1 1 1 0 0 1 1 1 1 0 1 1 0 1 1 1 0 1 1 1 1 1 1 1 1 0 1 1 1 1 1 1 1 0 1 0 1 1 0 1 1 
3 3 3 3 3 3 3 3 3 3 3 3 3 3 3 3 3 3 3 3 3 3 3 3 3 3 3 3 3 3 3 3 3 3 3 3 3 3 3 3 3 3 3 3 3 3 3 3 3 3 3 3 3 3 4 4 4 4 3 4 4 0 2 2 2 2 1 1 1 0 0 1 2 1 1 1 1 0 1 1 2 0 1 2 2 1 1 1 1 1 1 1 0 1 1 1 1 0 1 0 1 0 1 1 1 0 1 0 1 1 1 1 1 0 1 1 1 1 1 1 1 0 1 1 1 1 1 1 1 1 1 1 1 1 1 1 1 0 0 1 1 1 1 1 1 1 0 1 1 1 1 1 1 1 1 1 1 0 1 0 
1 1 1 1 1 1 1 1 1 0 1 1 1 1 1 0 0 1 0 0 0 1 1 0 1 0 1 1 1 1 1 0 0 0 0 1 1 1 1 1 1 1 0 1 1 1 1 1 1 1 1 0 1 1 0 2 1 0 0 0 4 2 1 1 0 2 2 1 2 2 2 1 0 1 0 1 2 2 1 1 1 2 0 0 2 1 1 1 1 0 1 1 1 0 1 1 1 1 1 1 1 1 0 1 1 0 1 0 1 0 1 1 1 0 1 0 1 1 1 1 0 1 1 1 1 1 1 1 1 1 1 1 1 1 0 0 0 1 1 1 1 0 1 1 0 1 1 1 1 0 1 0 0 1 1 0 0 1 1 1 
1 1 1 1 1 1 1 1 1 0 1 0 1 0 1 1 1 1 1 1 1 1 1 1 1 1 1 0 1 1 1 1 1 1 1 1 1 1 1 1 1 1 1 1 1 1 1 1 0 0 0 1 0 1 2 1 1 0 1 2 4 1 2 2 1 2 1 1 0 2 0 1 0 1 1 1 2 2 2 2 1 2 1 1 1 1 0 1 0 1 0 0 1 0 1 1 1 1 1 1 1 1 1 1 0 1 1 0 0 1 1 1 0 1 1 0 1 0 1 1 1 1 1 1 0 0 0 1 1 1 0 1 1 1 0 1 1 1 1 1 1 0 1 1 1 1 1 0 1 1 1 1 0 0 1 1 1 1 0 1 
1 1 0 1 1 1 1 1 1 1 1 1 1 1 0 1 1 1 0 1 1 0 1 0 1 1 1 0 1 1 1 0 0 1 1 1 1 1 1 1 1 1 1 0 1 0 1 1 1 0 1 0 0 0 2 2 2 1 2 2 3 1 2 1 2 1 2 2 2 2 1 1 1 0 1 2 1 0 1 0 1 0 1 1 0 1 1 1 1 1 1 1 1 1 1 1 1 1 1 1 1 1 1 1 1 1 1 1 1 1 1 1 1 1 1 1 0 1 1 1 1 1 1 0 1 1 1 1 1 1 1 0 1 1 1 0 0 0 1 1 1 1 1 1 0 1 0 1 0 1 1 1 1 0 1 1 0 0 1 0 
1 0 1 1 1 1 1 1 1 0 1 0 1 1 1 1 1 1 1 0 0 0 0 1 1 1 0 1 1 1 1 1 1 1 0 0 1 1 1 1 1 1 1 1 1 1 1 1 1 0 1 1 1 0 0 2 2 1 1 1 4 1 0 0 2 0 0 2 0 2 0 1 1 2 0 2 2 2 1 2 1 1 0 0 2 1 1 1 1 0 1 1 1 1 1 0 1 1 1 1 1 0 1 1 0 1 1 1 1 1 0 1 0 1 1 1 1 1 0 0 1 1 1 1 1 0 1 1 1 0 1 1 1 1 1 1 1 1 0 1 1 1 1 1 1 0 0 0 0 1 1 1 1 1 1 1 1 1 1 1 
1 1 0 0 1 1 1 1 1 1 0 1 1 0 0 1 0 1 1 1 1 0 0 1 1 1 1 1 0 0 1 1 0 1 1 1 1 1 1 0 0 1 0 1 1 1 1 0 1 1 1 0 1 1 2 1 0 2 2 2 4 1 1 2 0 0 0 0 1 1 1 2 2 2 1 1 1 0 2 0 2 1 0 0 2 1 0 1 1 0 1 1 1 0 1 1 1 1 1 0 1 1 1 0 0 0 0 0 1 1 0 0 1 1 0 1 1 1 1 1 1 1 1 0 1 1 0 1 1 1 1 1 0 1 1 1 1 1 0 1 0 1 0 1 1 0 0 1 1 0 1 1 1 1 0 1 1 1 1 1 
1 1 1 1 1 1 1 1 1 1 1 1 0 1 1 1 1 1 0 1 1 0 1 1 1 1 1 1 1 1 1 1 0 0 1 1 1 1 1 1 1 1 0 1 1 1 1 0 1 1 0 1 1 0 0 1 2 1 2 2 4 1 2 1 1 1 1 0 0 0 1 2 2 1 1 1 1 2 0 1 0 0 1 2 1 1 1 0 1 1 1 1 1 1 1 0 1 1 1 1 1 1 0 1 1 1 0 1 1 1 1 1 1 1 0 1 1 1 0 1 1 1 1 1 0 1 1 0 1 1 1 1 1 1 1 1 1 1 0 1 1 1 0 1 1 1 1 1 1 1 0 1 0 1 1 1 1 1 1 1 
1 1 1 0 1 1 1 0 1 1 1 1 1 1 1 1 1 1 0 1 0 0 1 1 1 1 1 1 1 1 0 1 1 1 0 1 1 1 0 1 1 1 1 1 1 0 1 1 1 1 1 1 0 1 1 1 2 1 1 2 3 2 1 1 0 2 1 0 1 0 1 1 2 1 1 0 1 2 0 2 1 1 1 1 2 1 1 1 1 1 0 1 1 1 1 1 1 0 1 1 1 1 1 0 1 1 0 0 0 1 1 1 0 1 1 1 1 1 1 1 1 1 0 0 1 1 0 1 1 1 1 1 1 1 1 1 1 1 1 1 1 1 1 0 0 0 0 1 1 1 1 1 1 0 1 0 1 1 1 1 
1 1 1 1 1 1 1 1 1 1 1 1 1 1 0 0 0 0 0 1 1 0 1 1 1 0 1 0 0 1 1 1 1 1 1 1 1 1 1 1 1 0 1 0 0 0 1 1 1 1 1 1 1 0 1 2 2 2 2 1 4 1 2 0 1 0 2 0 1 2 2 1 1 1 0 2 1 1 2 2 1 2 1 1 1 1 1 1 1 1 1 0 0 0 1 1 1 0 1 1 0 1 0 1 1 1 1 0 1 1 1 1 1 1 1 1 1 1 1 1 1 0 1 1 1 1 1 1 1 0 1 1 1 1 1 1 0 1 1 1 1 1 1 1 1 1 1 1 1 1 0 1 1 1 1 1 1 1 1 1 
1 1 1 1 1 1 1 1 1 1 1 1 1 0 0 1 1 1 1 1 0 1 1 0 1 1 1 1 1 1 1 0 1 1 1 0 1 1 1 1 1 1 1 1 1 1 1 1 1 0 1 1 1 1 1 0 2 2 1 2 4 2 2 2 2 2 1 1 1 1 2 2 2 2 0 2 1 0 1 2 2 0 0 0 1 1 1 0 0 0 0 0 0 1 1 0 1 1 1 1 1 1 0 1 1 1 1 1 0 1 1 1 1 1 0 1 0 1 1 1 1 1 1 1 0 1 1 1 0 1 1 1 1 0 1 1 1 1 1 1 1 0 1 1 1 1 1 1 1 1 1 1 1 0 1 0 1 1 0 1 
1 0 1 1 0 1 1 1 1 1 1 0 1 1 0 0 1 1 0 1 0 1 1 1 1 0 1 0 1 1 1 0 1 1 1 1 1 1 1 1 0 0 1 1 0 1 1 1 1 1 1 1 0 0 2 1 1 1 1 1 4 1 1 0 2 1 2 0 2 1 1 1 1 1 1 1 2 0 2 0 1 0 2 2 1 1 0 1 1 0 0 1 1 1 1 1 1 1 0 1 0 1 1 1 1 1 1 1 1 1 1 1 1 1 1 1 1 1 1 1 1 1 1 1 1 1 1 1 0 1 1 0 0 1 1 1 1 1 1 1 0 1 0 1 1 1 0 0 1 1 1 1 1 1 1 1 0 1 1 1 
1 1 1 0 1 1 1 1 0 1 0 1 1 1 1 1 1 0 0 1 1 0 0 1 1 0 1 1 0 1 0 1 1 1 0 1 1 0 1 1 1 1 1 1 0 1 1 0 1 0 0 1 1 1 1 1 1 1 1 1 3 1 1 1 1 1 1 1 1 1 1 1 1 1 1 1 1 1 1 1 1 1 1 1 1 1 1 1 0 1 1 1 1 1 1 1 1 1 1 1 1 1 1 1 1 1 1 1 1 1 0 0 0 1 1 1 1 1 1 1 1 1 0 1 1 0 1 1 1 0 1 1 1 1 1 1 1 1 1 1 1 1 1 1 1 0 1 1 1 1 1 0 1 1 1 0 0 1 1 1 
1 1 1 1 1 0 0 1 1 1 0 1 0 1 1 1 0 1 0 1 1 1 0 1 1 1 1 1 1 1 1 0 1 1 1 1 1 1 0 1 1 1 1 0 0 1 1 1 0 0 1 1 1 1 1 1 1 1 1 0 3 1 0 1 1 1 1 1 1 0 1 1 1 1 1 1 1 1 1 1 1 1 1 0 1 1 0 1 1 1 1 0 1 1 0 1 0 0 0 1 0 0 0 1 1 1 1 1 1 1 0 1 1 0 0 1 1 0 0 1 1 1 1 0 1 1 1 0 1 1 0 1 1 1 1 0 1 1 1 1 1 0 1 0 1 1 1 1 1 1 1 1 0 1 1 0 1 0 1 1 
1 1 1 0 0 0 1 1 1 1 1 1 0 1 1 1 1 0 0 1 1 1 1 0 1 1 1 1 0 1 1 1 1 1 0 1 1 1 1 1 1 1 1 1 1 0 0 1 0 1 1 1 1 1 0 1 1 1 1 1 3 1 1 1 1 1 0 1 1 1 1 0 0 1 1 1 1 1 1 1 1 1 1 0 0 1 1 1 1 0 0 1 1 1 1 1 1 1 1 0 1 1 1 1 1 1 0 1 1 1 1 1 0 0 0 1 1 0 1 1 1 0 1 1 1 0 1 1 1 1 0 0 1 1 1 1 1 0 1 1 0 0 1 1 1 0 1 1 1 1 1 1 1 1 1 1 1 1 1 1 
1 0 1 0 1 1 0 0 1 1 1 1 1 1 1 1 1 1 1 1 1 1 1 1 1 1 1 1 1 1 1 1 1 1 1 1 1 1 1 1 1 1 0 0 1 0 1 0 1 0 1 1 0 1 1 1 1 0 0 1 3 1 1 1 1 0 1 1 1 1 1 1 1 1 1 1 1 1 1 0 1 1 1 1 1 1 1 1 1 0 0 1 0 1 1 0 1 0 1 1 0 1 1 1 1 1 1 0 1 1 1 1 1 1 1 0 1 1 1 1 1 1 1 1 0 1 0 1 1 1 0 1 1 1 0 1 0 0 0 1 1 0 1 1 1 1 1 1 1 1 1 0 1 1 1 1 1 0 1 0 
1 1 1 1 1 1 1 1 1 1 0 1 1 1 0 1 1 1 1 1 1 1 0 1 1 1 1 1 1 1 1 1 1 1 1 1 1 1 0 0 1 1 1 1 0 1 0 1 1 0 1 1 1 1 1 0 0 1 1 0 3 1 1 1 1 0 1 1 1 0 0 1 1 1 1 1 1 0 1 1 1 0 1 1 1 1 1 1 1 1 1 0 1 1 1 1 1 1 1 1 1 1 0 1 1 0 0 1 1 0 1 1 1 0 1 1 1 1 1 1 1 0 1 1 1 1 0 1 1 1 1 1 1 1 1 1 1 1 1 1 1 0 1 1 1 1 1 0 1 1 1 1 1 1 1 1 1 0 1 1 
1 1 1 1 0 0 1 1 1 1 1 1 0 1 1 0 1 1 1 1 1 1 1 1 0 1 1 1 0 1 1 1 1 1 1 1 1 1 1 1 1 1 1 1 1 1 1 1 0 0 1 0 1 1 1 1 1 1 1 1 3 1 1 1 1 1 1 1 1 1 1 1 1 0 1 1 1 0 1 1 1 1 0 1 1 1 1 1 1 1 1 0 0 0 1 1 1 1 1 1 1 1 1 1 1 0 1 1 1 1 0 0 1 1 1 1 1 0 1 1 1 1 1 1 1 1 1 1 1 1 1 0 0 1 1 1 1 1 1 1 1 0 1 1 1 0 0 1 1 1 1 1 1 1 1 1 1 1 0 1 
1 1 1 1 1 1 1 1 1 0 1 0 1 1 1 1 0 1 0 0 1 1 0 1 1 1 1 0 1 1 0 1 1 1 1 1 1 1 0 1 1 1 0 0 1 1 1 1 1 1 1 1 0 1 0 1 1 1 1 1 3 1 1 1 0 1 1 1 0 1 1 1 1 1 1 0 0 1 1 0 1 1 1 1 1 1 1 1 1 1 1 0 0 0 1 1 1 1 1 1 1 1 1 0 0 1 0 0 1 1 0 1 1 1 1 1 2 0 1 1 0 0 2 2 1 1 2 2 1 2 0 1 1 1 0 1 1 1 0 1 2 1 1 1 1 1 0 1 1 1 1 1 1 0 1 1 1 0 1 1 
1 1 1 0 1 0 1 1 1 1 1 1 1 0 1 1 1 1 1 1 1 0 0 1 0 0 1 1 1 1 1 1 1 1 0 0 0 1 1 1 0 1 1 0 1 1 1 1 1 1 1 1 1 0 1 0 1 1 1 1 3 1 1 1 0 1 0 0 1 1 1 1 0 1 1 0 1 1 1 0 1 1 1 1 1 1 1 1 0 1 1 1 1 1 1 1 0 0 1 1 0 0 1 1 1 0 1 1 1 1 1 1 1 1 1 1 1 2 2 1 0 0 0 2 2 1 2 2 1 1 2 1 0 0 1 2 2 1 2 2 2 0 1 1 1 2 0 1 1 1 1 1 1 0 0 1 0 1 1 1 
1 1 1 1 1 1 1 1 0 0 1 1 1 1 1 1 0 1 0 1 1 1 1 1 1 1 1 0 1 1 0 1 0 1 1 0 1 0 0 1 1 1 1 1 1 1 1 0 1 1 1 1 1 1 1 1 1 0 1 1 3 1 1 1 1 1 1 1 0 1 1 1 0 0 0 1 0 0 1 0 1 1 0 1 0 1 1 0 1 1 1 1 0 1 0 1 1 1 1 1 1 1 1 1 1 1 0 1 0 1 1 1 1 0 1 0 2 1 1 2 0 1 0 2 2 1 0 2 1 1 1 2 1 2 2 1 1 1 1 1 1 1 0 2 1 2 1 1 1 1 1 1 1 1 1 1 1 1 0 1 
1 1 1 1 1 1 0 1 1 1 0 0 1 1 1 1 1 1 1 1 1 0 1 1 1 1 1 0 0 1 1 1 1 1 1 1 1 0 1 0 3 3 3 3 3 3 3 3 3 3 3 3 3 3 3 3 3 3 3 3 3 0 1 1 1 1 1 0 1 1 1 1 1 1 1 1 0 1 1 1 1 0 1 1 0 1 1 1 1 1 1 1 1 1 0 1 1 1 1 1 0 1 1 1 0 1 0 1 1 1 1 1 0 1 1 1 1 1 2 2 0 2 1 2 2 0 0 1 1 1 1 1 0 0 1 2 1 2 2 1 2 2 2 1 0 1 1 1 1 1 1 1 1 1 0 1 1 1 1 1 
1 1 1 1 0 1 1 0 1 1 1 1 0 1 1 1 1 0 1 1 1 1 0 1 1 1 0 1 1 1 1 1 1 1 0 0 1 1 0 1 3 1 1 1 1 1 1 1 1 1 1 1 1 0 1 1 1 1 1 3 3 3 3 3 3 3 3 3 3 3 3 3 3 3 3 3 3 3 3 3 3 3 3 3 3 3 3 3 3 3 3 3 3 3 3 3 3 3 3 3 3 3 3 3 3 3 3 3 3 3 3 3 3 3 3 3 3 4 3 4 3 4 3 4 3 3 4 4 3 4 3 3 4 3 3 3 4 3 4 4 4 4 3 4 4 4 3 3 3 3 3 3 3 3 3 3 3 3 3 3 
1 0 1 1 1 0 1 1 1 1 1 0 1 1 1 1 1 0 1 1 1 0 1 1 0 1 1 1 1 1 1 0 1 1 1 1 1 1 0 1 3 0 0 1 0 1 0 0 0 0 1 1 1 1 0 1 1 1 1 3 0 0 1 1 1 1 1 1 1 1 0 1 1 1 1 1 0 1 0 1 1 1 1 1 0 0 1 1 1 1 1 0 1 0 1 1 1 1 1 1 1 0 1 1 1 1 1 0 1 1 1 1 0 1 0 1 2 1 0 1 2 0 1 1 1 2 0 0 1 1 1 1 2 0 0 1 2 2 2 1 0 1 2 0 1 2 2 1 1 0 0 1 1 1 1 1 1 1 1 1 
1 1 1 1 1 1 1 1 1 1 0 0 1 1 1 1 1 1 0 0 1 1 1 0 1 1 0 0 1 1 0 1 1 1 0 1 1 1 1 1 3 1 1 1 1 1 1 0 0 1 1 1 1 1 0 1 1 0 0 3 1 1 1 0 0 1 0 1 1 1 1 1 0 0 0 1 1 0 1 1 1 1 1 0 1 0 1 1 0 1 0 1 0 1 1 1 1 0 1 1 1 1 1 1 0 1 1 0 0 1 1 1 1 1 1 1 1 1 2 1 1 1 1 2 0 1 2 2 0 1 2 1 1 2 2 1 2 2 2 1 2 2 1 2 1 1 1 1 1 1 1 0 1 1 0 1 1 0 1 1 
0 1 1 1 1 1 0 0 1 1 1 1 1 1 1 1 0 1 1 1 1 0 1 1 1 1 1 1 1 1 1 0 1 1 1 1 1 1 0 1 3 0 1 1 1 0 1 1 1 1 1 1 0 1 0 1 1 1 1 3 0 1 1 1 1 1 1 1 1 1 0 1 1 1 0 1 0 0 1 0 0 1 0 0 1 1 1 1 1 1 1 1 1 1 1 1 1 1 1 1 1 1 1 1 1 1 1 1 0 1 1 1 1 1 1 1 2 2 2 0 1 1 0 1 1 0 1 2 0 1 1 1 0 1 2 2 1 2 0 1 2 1 1 0 1 0 2 1 1 1 1 1 1 1 0 1 1 1 1 1 
1 0 1 0 1 1 1 1 1 1 1 1 0 0 1 1 1 0 1 1 1 1 1 1 0 0 1 1 1 1 1 1 1 0 1 1 0 0 1 1 3 1 1 1 1 0 1 1 1 1 1 1 1 0 1 1 0 1 0 3 1 1 1 1 1 1 1 1 1 1 1 0 0 1 1 1 1 1 1 1 1 1 1 1 0 1 1 1 1 1 1 1 1 1 1 1 1 1 1 1 1 1 1 1 1 1 1 1 0 1 1 0 0 1 0 1 1 1 2 0 0 1 1 1 2 0 2 1 2 0 0 2 1 1 2 2 1 2 1 2 2 2 1 1 1 1 2 1 1 1 0 1 1 0 1 0 0 0 1 1 
1 1 1 1 1 1 1 1 1 1 1 0 1 1 1 1 1 1 1 1 0 0 1 1 1 0 1 1 1 0 1 1 1 1 1 1 1 1 1 1 3 1 0 0 1 0 1 1 1 1 1 1 1 1 0 1 1 1 1 3 0 0 1 1 1 1 1 1 0 1 1 1 1 1 1 1 1 0 1 1 1 1 0 1 1 1 1 1 1 0 0 1 0 1 1 0 1 1 1 1 1 1 0 1 1 1 1 1 1 1 1 1 1 1 1 1 1 1 1 0 2 2 0 1 0 1 2 1 0 2 0 2 2 1 2 2 2 0 2 1 2 0 2 2 2 2 0 1 1 0 1 1 1 1 1 1 1 1 1 1 
0 1 1 1 1 1 1 1 1 1 1 1 1 1 1 1 1 1 1 1 1 1 1 1 1 0 1 1 1 1 1 1 1 1 1 1 1 1 1 1 3 1 1 1 1 1 1 0 1 1 1 1 1 1 1 1 1 0 1 3 1 1 1 1 1 1 0 1 1 1 1 1 1 1 1 0 1 1 0 1 1 1 1 1 1 1 0 1 1 0 0 1 1 1 1 1 1 1 0 1 1 1 1 1 1 1 0 1 1 1 1 0 1 1 1 0 1 1 2 2 0 2 2 0 1 0 0 2 2 2 0 0 1 0 0 2 2 1 1 1 1 2 1 1 1 0 2 1 1 1 1 1 0 1 1 1 0 0 1 1 
0 1 1 1 0 0 1 1 1 1 1 1 1 1 1 1 1 1 1 1 1 1 1 0 1 0 1 1 1 1 1 1 1 1 1 1 1 0 1 1 3 1 1 0 1 0 0 1 1 1 1 1 1 0 1 1 0 1 0 3 0 1 1 1 1 1 1 1 1 1 1 1 1 1 1 1 1 1 1 0 0 1 1 1 1 1 1 1 1 1 1 0 1 1 1 0 1 1 1 1 1 1 1 1 0 1 1 1 1 1 1 1 1 1 1 1 1 2 1 1 1 2 0 0 1 0 1 1 2 0 2 1 2 2 0 2 2 1 1 2 1 2 2 1 2 0 0 1 0 1 1 0 1 1 1 1 0 1 1 0 
1 0 1 0 1 1 1 0 1 0 1 1 1 1 1 1 1 1 0 1 1 1 1 1 0 1 1 1 1 1 1 1 1 0 1 1 0 1 1 1 3 1 1 1 1 1 0 1 1 1 1 0 0 1 1 0 1 1 1 3 1 1 1 1 0 1 1 1 1 1 1 0 1 1 1 1 1 1 1 0 1 1 1 1 1 1 0 1 0 1 1 1 1 1 1 1 1 1 1 1 0 1 1 1 0 1 1 1 1 1 1 1 1 1 0 1 2 0 1 1 1 2 2 0 2 1 1 2 1 2 0 2 0 1 0 1 1 2 0 1 2 1 1 0 0 2 0 1 0 1 1 1 1 1 1 0 1 1 1 1 
1 0 1 1 1 0 0 1 1 1 1 1 0 1 0 1 1 1 1 1 1 1 1 1 1 1 1 1 1 1 1 0 1 1 1 1 0 1 1 0 3 1 1 1 1 1 1 0 1 1 0 1 0 1 1 1 1 1 1 3 1 1 1 5 1 1 1 1 0 0 1 1 1 1 1 1 1 1 1 1 1 1 1 1 0 0 0 1 1 1 1 1 1 0 1 1 0 1 1 1 1 1 1 0 1 1 1 1 0 1 1 1 0 1 1 1 2 0 1 0 2 0 0 0 1 2 1 2 2 1 2 1 1 1 2 1 2 2 1 0 0 1 2 2 1 1 1 1 1 1 1 1 0 1 1 1 0 1 1 1 
1 0 1 1 1 1 1 1 1 1 1 0 1 1 1 1 1 1 1 1 1 1 1 1 1 1 1 1 0 1 1 1 1 1 0 1 1 1 1 1 3 0 1 0 1 1 1 0 1 1 1 0 1 1 1 1 1 1 1 3 1 1 1 1 1 1 1 1 1 1 1 0 1 1 0 1 1 1 0 1 0 1 1 0 0 1 1 1 1 1 1 1 1 1 1 1 1 1 1 1 1 1 1 1 0 1 1 1 1 1 1 1 1 0 1 0 2 1 0 1 2 1 0 2 0 1 0 2 2 1 2 2 2 1 0 2 1 1 2 1 2 2 2 1 2 0 2 1 1 0 1 1 1 1 1 1 0 1 0 1 
1 1 1 1 0 1 1 1 1 1 1 1 0 1 1 1 1 0 1 1 1 1 1 1 0 1 1 1 0 0 1 0 1 1 1 1 1 1 1 1 3 0 1 1 1 1 1 1 1 0 1 1 1 1 1 1 1 1 1 3 1 1 0 0 1 0 1 1 1 1 1 1 0 1 1 0 1 1 1 1 1 1 1 1 1 0 1 1 1 0 1 0 0 1 0 1 1 1 1 1 1 1 1 1 1 1 0 1 1 1 0 1 1 1 1 0 2 2 2 1 2 1 0 0 1 1 2 2 0 1 1 0 1 1 1 0 2 1 2 1 2 1 2 2 1 2 2 0 0 0 0 1 0 1 1 1 1 0 1 1 
1 0 0 1 1 1 1 1 1 0 1 1 0 1 1 0 1 1 1 1 1 1 0 1 1 1 1 1 0 0 1 1 1 0 0 0 1 1 1 1 3 0 0 1 1 1 0 1 1 0 1 1 1 0 0 0 0 1 1 3 0 1 1 1 1 1 1 1 1 0 1 1 0 1 0 1 1 1 1 1 1 1 0 1 1 0 1 1 0 1 1 1 1 0 1 1 1 1 1 1 1 1 1 1 1 1 1 1 1 0 1 1 1 1 0 1 2 1 2 2 0 1 1 2 1 1 1 2 2 1 0 1 2 2 0 0 0 1 1 2 2 1 2 1 1 2 1 0 1 1 1 1 1 1 1 0 1 0 1 1 
1 1 1 0 0 1 1 1 1 0 1 1 1 0 1 0 1 1 1 1 0 1 1 1 1 1 1 1 0 1 1 0 1 1 1 1 1 1 0 1 3 0 1 0 1 1 1 1 1 1 1 1 1 1 1 1 1 1 1 3 1 1 1 1 1 1 1 1 1 1 0 1 1 1 1 1 0 1 1 1 0 0 0 1 0 1 1 0 1 1 1 1 0 0 1 0 1 1 1 1 0 1 1 1 1 1 1 1 1 0 1 1 1 1 0 1 1 2 2 1 2 1 0 0 2 1 1 1 0 1 0 1 2 2 2 1 1 1 1 2 1 2 2 1 0 0 2 1 1 0 0 1 0 1 1 1 1 1 1 1 
1 1 0 1 0 1 0 1 1 1 1 1 0 1 0 1 1 1 1 1 1 1 1 0 1 1 0 1 1 0 1 1 0 1 1 0 0 1 1 1 3 1 1 1 1 0 0 1 1 1 0 1 1 0 1 0 1 0 1 3 1 1 1 1 1 1 1 0 0 1 0 0 1 1 1 1 1 1 1 1 1 0 1 1 1 0 1 1 0 1 1 0 1 0 1 1 1 1 1 1 1 0 1 1 1 1 1 1 1 0 1 1 1 1 1 1 2 2 1 1 1 2 0 1 2 0 2 1 2 2 2 1 1 1 2 2 2 2 1 1 2 2 0 2 0 1 1 1 1 1 1 1 1 0 1 1 1 1 1 0 
