33 18
2 152
104 95
5 46
114 1
13 153
7 115
63 125
45 5
33 57
1 1 1 1 0 1 0 1 1 1 1 1 1 1 1 0 1 1 1 1 1 1 1 1 1 1 0 1 1 0 1 2 3 0 1 1 2 1 1 1 1 1 0 0 0 0 0 1 0 0 2 1 0 1 0 3 0 2 2 1 2 0 1 0 1 1 0 1 1 1 1 1 1 0 1 1 1 1 1 1 0 3 1 1 1 1 0 1 1 1 1 1 1 0 1 1 1 1 1 1 2 0 2 1 0 1 1 1 2 2 1 2 2 0 1 1 2 1 1 3 1 1 2 2 0 1 2 0 0 2 1 0 1 1 1 1 1 1 2 1 1 0 1 2 1 2 2 2 1 1 2 0 0 1 2 0 2 2 0 2 
1 0 0 1 1 0 1 1 1 0 0 1 0 1 1 1 1 1 1 0 0 0 1 1 1 1 0 1 1 1 0 0 3 1 2 0 1 0 2 2 0 0 1 1 0 0 0 1 0 1 1 1 2 1 2 4 0 1 1 0 2 0 1 1 0 1 1 1 1 1 1 0 0 1 1 1 1 1 1 1 1 3 1 0 1 1 1 1 0 1 1 1 1 1 1 1 1 1 1 1 0 1 2 1 1 2 0 2 0 0 2 0 2 1 0 2 1 1 1 4 2 2 1 2 2 2 2 2 0 2 1 0 1 1 1 1 1 1 1 2 1 2 2 1 2 2 0 1 2 1 1 0 2 2 1 2 1 1 1 0 
1 0 1 1 0 1 1 1 1 1 1 1 1 1 0 0 1 1 1 1 1 1 0 1 1 1 1 1 1 1 1 2 3 2 2 2 2 0 1 2 2 0 1 1 2 2 1 0 0 1 1 2 1 1 2 3 2 2 0 2 1 2 1 1 1 1 1 1 1 1 0 1 0 1 1 1 1 1 1 1 1 3 1 1 1 1 1 1 1 1 1 0 1 1 0 0 1 0 1 1 1 1 1 1 2 1 1 2 2 2 1 1 2 2 2 1 1 1 2 4 2 0 0 1 1 2 1 2 1 1 0 1 1 1 0 0 1 1 0 0 1 1 0 1 1 1 0 2 1 0 0 0 6 2 0 2 2 2 2 2 
1 1 0 1 1 1 1 1 1 0 1 0 0 1 1 0 1 1 1 0 1 1 1 0 1 1 1 1 1 1 1 1 3 2 0 2 2 2 1 2 1 0 2 0 1 0 1 1 1 2 1 1 2 2 1 3 1 1 1 2 0 2 1 1 1 1 1 1 1 1 1 1 0 1 1 1 1 1 1 1 1 3 1 1 1 1 1 1 1 1 1 1 0 1 0 0 1 1 1 1 2 1 2 1 1 2 1 1 2 2 1 2 1 1 2 0 1 1 2 4 0 0 2 2 2 1 2 0 1 0 2 0 1 1 1 1 1 1 2 2 1 1 1 0 2 2 0 0 2 1 2 1 0 2 0 1 2 1 0 1 
1 1 0 1 1 0 1 1 1 1 1 1 0 1 1 1 1 1 1 1 1 1 1 0 1 1 0 1 1 1 1 1 3 0 1 2 2 1 2 0 0 2 1 2 1 1 1 1 2 2 2 1 2 1 1 4 1 0 1 2 1 2 1 1 1 1 0 0 0 1 1 1 1 0 1 1 1 1 1 1 1 3 1 1 1 1 0 1 0 1 1 1 0 0 1 1 1 1 1 0 0 2 2 1 2 2 1 1 0 0 2 1 1 2 2 2 1 2 0 3 2 2 1 1 0 2 0 1 1 2 0 1 1 0 1 0 1 1 2 2 2 2 2 2 1 2 2 2 2 0 1 1 0 2 1 0 2 2 2 1 
1 1 1 1 1 0 1 1 1 1 1 1 1 0 1 1 1 1 0 0 1 1 1 1 1 1 1 1 1 1 0 0 3 0 0 0 0 2 1 0 1 1 0 2 0 1 0 0 1 2 1 2 1 2 1 3 2 0 1 1 1 2 1 1 1 0 0 0 1 0 1 1 0 1 1 1 1 1 1 1 1 3 1 1 1 1 1 0 1 1 1 1 0 1 1 1 0 0 1 1 1 1 1 0 1 2 2 2 2 1 1 1 1 1 1 0 1 2 1 4 2 1 1 1 0 2 1 2 2 0 2 1 1 1 1 1 1 1 0 0 1 1 1 2 0 2 1 2 2 0 1 0 0 2 1 1 0 1 1 2 
1 0 1 0 1 1 1 1 1 0 1 1 1 1 1 1 1 1 1 0 1 1 1 1 1 1 1 1 1 1 1 0 3 2 1 1 1 2 1 0 1 1 0 1 1 2 1 1 0 2 1 2 2 2 1 4 0 2 2 1 1 1 1 0 0 0 1 1 1 1 1 1 1 1 0 1 1 1 0 1 1 3 1 1 1 0 1 1 1 1 1 1 1 1 1 1 1 1 1 1 1 1 2 2 1 1 0 1 1 1 1 0 1 2 1 1 2 1 1 4 2 2 2 0 0 0 1 2 1 2 2 1 1 1 1 1 1 1 1 0 2 1 2 2 2 0 1 0 0 2 1 0 2 2 0 1 0 2 2 2 
1 0 1 1 1 1 1 1 1 0 1 1 0 1 1 1 1 1 1 1 1 1 1 1 1 0 1 1 0 1 1 1 3 0 2 2 1 0 1 0 1 1 1 2 0 1 1 0 1 2 2 1 2 1 2 3 1 1 1 2 1 1 1 1 1 1 1 1 0 1 1 1 1 0 1 1 1 1 1 1 1 3 1 1 1 1 1 1 1 1 1 1 1 1 1 0 0 1 1 1 2 1 1 2 2 1 1 2 0 1 0 2 1 1 0 2 1 0 1 4 2 2 1 1 0 2 0 0 0 1 2 1 0 1 1 1 1 1 1 0 0 2 2 0 2 1 2 1 0 0 2 2 1 2 2 1 1 2 1 0 
1 1 0 0 1 1 1 0 1 1 1 1 0 1 1 1 1 1 1 1 0 1 1 0 1 0 0 1 1 1 1 2 3 0 0 0 2 1 2 2 2 1 1 1 1 1 1 1 1 1 2 1 1 1 1 4 2 2 2 1 0 2 1 1 1 0 1 0 0 1 1 0 1 1 1 1 1 1 0 1 1 3 1 1 0 1 1 0 1 1 1 1 0 1 1 1 1 0 1 1 2 0 2 2 1 1 0 1 1 2 2 1 1 2 1 1 1 2 0 4 1 1 1 2 2 2 0 2 1 2 2 0 1 0 1 0 1 1 2 0 2 1 1 0 2 1 1 1 1 2 1 1 1 1 1 1 2 1 0 1 
1 1 0 1 1 1 1 0 1 1 1 1 0 1 1 1 0 1 1 1 1 1 0 0 1 0 1 1 0 0 1 1 3 2 0 1 1 2 1 1 2 1 1 2 1 2 0 1 0 1 2 1 1 0 0 3 0 1 1 2 1 2 1 1 0 1 0 1 1 1 1 1 1 1 1 1 1 1 0 1 1 3 1 0 1 1 1 0 0 1 1 1 0 1 1 1 1 1 1 1 2 1 1 1 1 2 0 1 1 2 1 1 1 2 1 1 0 0 1 4 1 2 1 1 1 1 2 0 1 2 0 0 0 0 1 0 0 1 2 0 1 1 0 1 1 0 1 0 1 1 2 1 0 1 2 2 2 2 1 1 
0 1 1 1 1 0 1 1 0 1 1 1 0 1 1 1 1 1 1 1 1 1 1 1 1 1 1 0 1 1 0 2 3 1 2 2 1 2 1 0 1 0 0 2 2 1 1 2 2 1 0 2 2 1 2 4 1 1 2 2 2 2 1 1 0 1 1 0 0 1 1 1 1 1 1 0 1 1 1 1 0 3 1 1 1 1 1 0 1 1 0 1 1 1 1 1 1 1 1 1 2 1 2 1 0 1 2 2 0 2 1 1 0 0 0 0 2 1 0 3 2 0 1 1 2 1 1 2 1 1 0 1 1 1 1 1 1 1 0 1 0 1 1 0 0 2 0 1 2 2 0 2 1 0 2 1 0 1 1 2 
1 0 1 0 0 1 0 0 1 0 1 1 1 1 1 1 1 1 1 1 1 1 1 1 0 1 1 1 1 1 1 2 4 2 0 1 0 1 0 2 2 2 1 2 1 2 2 0 0 1 0 0 1 1 2 4 1 2 2 1 2 1 1 0 0 1 1 1 1 1 0 1 1 0 1 1 1 1 1 1 1 3 0 1 1 1 0 1 1 0 1 0 1 1 1 1 1 1 1 1 1 1 0 2 2 0 2 0 0 1 2 1 1 2 1 0 1 2 2 3 0 1 1 1 1 0 1 2 2 2 2 1 0 0 1 1 1 1 1 2 1 0 1 1 1 1 2 1 1 2 0 1 2 2 1 2 1 1 1 1 
1 1 1 1 1 1 0 1 0 1 0 1 0 1 1 1 1 1 1 1 1 1 1 1 1 1 1 1 1 1 1 1 4 2 1 2 0 2 2 1 2 0 1 1 0 2 2 2 1 1 1 2 1 1 1 4 2 0 2 1 2 0 1 0 1 1 0 1 1 1 1 0 1 1 1 0 1 1 0 1 0 3 1 0 1 1 1 1 1 1 0 1 1 1 1 0 1 0 1 1 2 2 0 2 1 2 2 2 1 0 1 2 2 0 1 2 2 0 0 3 2 1 2 2 1 1 2 2 2 2 0 0 1 0 1 1 0 1 1 0 2 1 2 0 0 0 2 2 0 1 1 2 1 0 1 2 1 2 1 2 
1 0 1 0 1 1 1 1 0 0 1 1 1 1 0 1 1 0 1 1 1 1 1 1 0 1 1 0 1 0 0 2 3 1 2 2 2 2 1 1 2 1 0 1 1 2 0 1 2 1 0 0 2 0 0 4 1 2 1 1 1 1 1 1 1 1 0 1 1 1 0 1 1 1 1 1 1 0 1 1 1 3 0 1 1 1 1 0 1 1 0 1 1 1 0 1 1 1 1 1 2 1 0 2 1 2 0 0 2 1 0 2 0 0 0 1 2 2 1 3 1 2 1 2 2 1 1 2 0 2 1 1 1 1 1 1 1 1 1 2 1 1 1 1 2 1 0 0 0 0 2 0 1 2 2 1 1 2 1 1 
1 0 1 1 1 1 1 1 1 0 0 1 0 1 1 1 1 1 0 1 1 1 1 1 1 1 1 1 1 0 1 1 4 0 0 2 1 0 2 1 0 2 2 2 1 2 2 2 0 2 1 0 0 2 1 3 1 1 1 1 1 1 1 1 0 1 0 1 1 1 1 1 1 1 1 1 1 1 1 1 0 3 1 1 1 0 0 1 0 1 1 1 0 1 1 1 1 1 1 1 1 2 1 2 1 1 1 0 1 1 1 0 2 2 2 0 1 1 2 3 1 1 1 2 2 2 2 1 0 0 1 1 1 1 1 1 1 0 0 2 0 1 1 0 2 2 2 2 2 1 2 2 1 2 2 0 1 1 2 2 
1 1 1 1 1 1 1 1 1 1 1 0 0 1 0 1 1 1 1 1 1 0 1 1 0 0 1 0 1 1 1 0 4 2 0 1 2 2 1 2 1 2 2 2 0 1 0 1 0 2 0 2 2 2 2 3 0 2 2 1 1 1 1 1 1 1 0 1 1 1 1 1 1 1 1 1 1 1 1 1 1 3 0 1 0 1 1 1 1 1 1 0 1 1 0 1 0 0 1 1 0 2 1 1 2 0 1 0 2 2 1 2 1 0 0 0 0 2 1 4 2 1 1 2 1 0 1 0 2 0 2 1 0 1 0 1 1 1 1 1 0 2 0 0 2 2 1 1 1 0 0 2 2 1 2 1 1 1 1 1 
0 0 1 1 1 1 1 1 1 1 1 1 1 1 1 1 0 1 1 1 0 0 1 0 1 0 0 1 0 1 1 1 4 1 2 2 2 2 1 1 1 2 0 2 2 0 1 1 2 0 2 1 1 1 2 4 1 1 0 2 0 2 0 0 0 0 1 1 1 1 1 1 1 1 1 1 1 0 1 1 1 3 1 1 1 1 1 0 1 1 1 0 1 1 0 1 1 0 1 1 1 1 1 2 0 0 0 2 1 2 1 1 2 2 2 1 0 1 2 4 1 1 0 1 1 2 0 1 1 2 2 0 1 1 1 1 1 0 1 2 1 1 2 0 1 1 2 1 1 0 2 1 0 1 0 2 1 1 0 0 
1 0 1 1 1 0 1 0 1 1 0 1 1 1 1 1 1 0 1 1 1 1 0 1 1 1 1 1 1 1 1 1 3 2 1 2 1 2 0 1 2 1 1 1 1 1 1 1 0 0 2 2 2 1 0 3 0 0 2 0 1 2 1 1 1 1 1 1 1 1 1 1 1 1 1 1 1 1 1 0 1 3 1 1 1 1 0 1 1 1 0 0 1 1 1 1 0 1 1 1 2 1 1 0 1 1 1 1 0 1 2 2 0 2 1 1 2 0 1 3 2 1 1 2 1 1 0 1 2 0 2 1 1 1 1 1 1 1 2 0 1 1 1 1 0 0 1 1 2 0 1 2 1 1 2 2 0 2 1 2 
1 1 1 1 1 1 1 0 1 1 0 1 0 1 1 1 0 1 1 1 1 0 1 1 1 0 1 1 1 1 0 1 3 0 2 1 2 2 0 1 2 1 1 2 2 2 0 2 0 2 2 2 0 0 2 3 2 1 1 2 2 0 1 0 2 1 0 0 1 2 2 2 1 0 1 1 1 0 1 1 1 3 1 1 1 1 0 0 0 1 1 0 1 1 1 1 0 0 1 0 2 2 2 2 1 0 1 1 1 2 2 2 2 0 1 1 1 2 2 4 1 2 2 1 2 1 2 2 2 0 0 1 0 1 1 1 1 1 1 1 2 0 1 1 1 1 2 1 0 2 0 1 0 1 0 1 2 1 0 2 
0 1 1 0 1 1 0 1 1 1 1 1 3 3 3 3 3 3 3 3 3 3 3 3 3 3 3 3 3 3 3 3 4 1 1 2 1 1 1 0 2 2 2 1 1 1 2 2 2 2 1 2 2 2 2 4 1 2 0 0 1 2 2 0 2 1 0 1 0 2 2 2 1 1 0 1 1 1 0 1 0 3 1 1 1 1 1 1 1 1 1 1 1 1 0 1 1 1 1 1 1 2 2 2 2 2 1 0 1 1 1 1 0 2 2 1 1 2 1 4 2 0 0 0 2 2 2 2 1 1 0 1 0 1 1 1 0 1 1 1 1 1 1 2 2 2 2 1 1 1 1 2 2 2 2 1 2 0 2 2 
0 1 1 1 1 1 0 0 1 1 1 1 3 1 0 1 1 1 0 1 1 1 1 1 1 1 1 1 1 1 1 0 1 1 0 0 0 1 2 0 1 1 0 2 2 0 2 2 2 2 2 0 0 2 2 4 1 2 2 1 2 0 2 2 1 0 2 2 1 2 2 0 2 1 1 1 1 1 1 0 1 3 1 1 1 1 1 1 0 1 1 1 1 1 0 0 1 1 1 3 4 3 4 4 3 4 3 4 3 4 4 4 4 3 3 4 4 3 4 3 0 2 2 1 2 1 0 2 2 0 2 1 1 1 1 1 1 1 0 1 1 2 1 2 1 0 0 1 2 1 1 1 1 2 1 2 0 1 2 0 
1 1 1 1 1 0 0 1 1 0 1 1 3 1 1 1 1 1 1 1 0 1 1 0 0 1 1 1 1 1 1 1 1 1 1 1 0 1 1 1 1 1 1 1 2 1 2 1 0 2 1 2 1 2 2 3 2 0 2 1 0 2 1 0 1 1 1 2 0 2 2 2 2 1 1 1 1 1 1 1 1 3 0 1 1 0 1 1 1 0 1 1 1 0 1 1 1 1 1 3 2 1 0 1 1 2 0 1 1 1 0 2 0 2 2 1 2 2 2 2 2 1 1 2 2 0 2 2 1 2 0 1 1 1 0 1 1 1 0 1 1 1 2 0 1 0 1 1 2 2 1 1 0 1 2 1 2 2 1 0 
1 0 0 1 0 0 0 1 1 0 0 1 3 1 1 0 1 1 1 1 1 0 1 1 1 0 0 1 1 0 0 1 1 1 1 1 1 1 1 1 1 1 1 1 1 0 1 1 0 0 1 2 2 2 1 4 1 2 2 0 1 0 2 1 0 1 2 0 2 1 1 1 1 1 1 0 1 1 1 0 0 3 0 1 1 1 1 1 1 1 1 0 1 1 1 1 1 1 1 3 1 1 1 1 0 0 0 1 2 1 1 2 2 1 1 1 2 2 1 2 2 2 1 2 2 2 0 2 2 2 0 1 1 1 1 1 0 1 2 0 2 1 1 1 0 0 1 2 2 2 2 2 2 2 1 1 2 1 1 2 
1 0 1 1 0 1 1 1 1 1 1 1 3 1 1 1 1 0 1 1 1 1 1 1 1 0 1 1 0 1 1 0 1 1 0 1 1 0 1 1 1 1 1 2 2 1 0 2 0 2 1 2 1 1 1 3 0 1 2 1 2 2 1 0 2 1 0 0 1 0 0 0 2 0 1 1 0 1 1 0 1 3 0 1 1 1 1 1 1 1 1 1 1 1 1 1 1 1 0 3 0 0 1 1 1 1 1 1 1 1 1 1 1 1 0 1 1 1 1 1 1 1 0 1 1 1 1 1 1 1 1 1 1 0 1 1 1 1 2 2 1 2 1 2 2 2 0 0 1 2 2 1 2 2 1 1 2 2 1 0 
1 1 1 1 1 1 0 1 1 1 1 1 3 1 1 1 1 1 1 0 1 1 0 0 1 1 1 1 1 1 1 1 1 1 1 1 1 1 1 1 1 0 0 1 0 2 2 0 2 2 1 1 2 2 2 4 2 2 1 2 2 2 1 1 1 1 0 2 0 2 2 2 0 1 0 1 0 0 1 0 1 3 1 1 0 0 1 1 1 1 1 1 1 1 1 1 1 1 1 3 0 1 1 1 0 0 1 1 1 1 0 0 1 1 1 1 1 1 1 0 1 1 1 1 1 0 1 1 1 1 1 0 0 1 1 0 1 1 2 2 1 2 0 1 2 0 1 0 1 1 0 2 2 2 2 2 0 2 1 2 
1 0 1 1 0 1 0 1 1 1 1 0 3 1 0 1 0 1 1 1 1 1 1 1 1 0 1 1 1 1 1 1 0 0 1 1 1 1 0 1 0 0 1 1 2 2 2 2 0 0 1 2 1 2 1 3 1 1 1 2 0 1 2 2 0 1 1 2 2 2 2 2 1 1 1 1 1 1 1 1 1 3 1 0 0 1 1 1 1 1 1 1 1 1 0 1 1 1 0 3 0 1 0 1 1 1 1 0 1 1 0 1 0 0 0 1 0 0 0 1 1 1 1 1 0 0 1 1 1 1 1 0 1 0 0 1 1 1 2 2 0 2 2 2 0 2 2 1 2 0 1 1 0 0 0 2 2 1 1 2 
0 1 1 1 1 1 1 0 1 1 0 1 3 1 1 1 1 1 0 1 0 1 1 1 1 1 1 0 1 0 1 1 1 1 1 1 1 1 1 1 1 0 2 2 2 2 1 0 1 0 0 0 1 1 2 4 0 1 0 1 1 0 1 1 2 0 0 1 1 2 1 2 2 0 1 0 1 1 0 1 1 3 1 1 1 1 1 0 1 0 1 1 0 0 1 1 0 1 0 3 1 1 1 1 1 1 1 0 0 1 1 1 1 0 1 1 1 1 0 0 1 1 1 1 0 1 1 1 1 1 1 1 1 1 1 1 0 0 2 0 2 1 0 1 0 2 0 0 1 2 2 2 1 2 1 1 2 1 2 1 
1 0 0 1 1 1 1 0 0 1 1 1 3 1 1 0 0 1 1 1 0 0 1 1 0 1 0 1 0 0 1 1 0 1 1 1 1 1 1 1 1 1 0 2 1 2 0 2 2 1 1 1 2 2 2 3 0 2 1 1 1 2 0 2 1 1 0 0 2 0 1 2 1 0 1 0 1 1 0 1 1 3 0 1 0 1 1 1 1 1 0 1 0 0 1 1 1 1 1 3 1 1 1 1 1 0 1 0 1 0 0 1 1 0 1 1 1 0 1 0 0 1 1 1 1 1 1 1 1 0 1 1 1 0 1 0 1 1 1 2 2 2 1 2 2 1 1 2 1 2 2 0 1 0 0 2 1 2 1 0 
1 1 1 1 1 0 1 1 1 1 0 1 3 1 1 1 1 0 1 1 1 0 0 1 1 1 1 0 1 1 1 1 1 1 1 1 1 0 1 1 0 1 1 1 0 0 2 2 1 2 2 0 2 1 2 3 2 2 1 2 0 2 0 1 0 2 0 2 1 2 1 2 2 1 0 1 1 1 0 1 1 3 1 1 1 1 1 1 1 1 1 0 1 1 1 1 1 1 1 3 1 0 0 1 1 1 1 1 1 0 1 1 1 1 1 1 0 1 1 1 1 1 1 1 1 1 1 1 1 0 1 1 1 1 1 1 1 1 0 1 1 2 2 1 2 1 2 2 0 2 2 2 2 2 1 1 2 1 1 1 
1 1 1 1 0 1 1 1 1 1 0 1 3 1 1 1 1 1 0 0 1 0 0 1 1 1 1 1 0 0 1 1 1 0 1 0 1 1 1 1 1 1 1 2 2 2 0 2 1 1 1 2 0 0 0 4 2 1 2 1 2 0 1 2 2 0 1 1 1 1 2 1 2 1 1 1 1 1 1 1 1 3 1 1 1 0 0 1 0 1 1 0 1 1 0 1 1 0 1 3 1 1 1 0 1 1 1 1 1 0 1 1 1 1 1 1 1 1 1 1 0 1 1 1 1 1 0 1 1 1 1 1 1 1 1 1 1 0 1 1 1 1 0 0 1 1 1 1 0 1 1 1 1 1 1 1 0 1 1 1 
1 0 0 1 0 2 2 2 2 2 2 1 4 1 1 2 2 1 0 0 2 1 1 1 1 1 1 1 0 1 1 1 1 1 1 0 1 0 1 1 1 1 0 0 2 2 0 0 0 2 1 0 1 1 0 3 2 1 2 0 1 1 2 1 2 1 1 2 2 0 2 2 2 1 1 1 0 1 1 0 1 3 1 1 0 1 1 0 1 1 0 0 1 0 1 1 1 0 1 3 0 1 1 1 1 1 1 1 1 1 1 1 1 0 1 0 1 1 0 1 1 1 0 1 0 1 1 1 1 1 1 1 1 1 0 1 0 0 1 0 0 1 1 1 1 1 1 1 1 1 1 1 1 1 0 1 1 1 0 1 
2 0 2 0 1 0 2 2 1 2 0 2 3 1 0 1 1 1 0 1 1 1 1 1 1 1 1 1 0 1 1 1 0 0 1 0 1 0 1 1 1 1 2 1 2 2 1 2 2 1 2 1 0 0 1 4 2 1 1 1 1 1 1 1 1 2 2 0 0 1 0 0 2 0 1 1 1 0 1 1 1 3 1 1 1 1 1 0 1 1 0 1 1 1 1 1 1 1 1 3 1 1 0 1 1 1 1 0 1 1 1 1 0 0 1 0 0 1 0 1 1 1 1 1 1 1 1 0 0 1 1 0 1 1 0 1 1 1 1 1 1 1 0 1 1 0 1 1 1 1 1 1 1 1 1 1 1 1 1 1 
1 0 2 0 1 1 2 0 2 0 2 0 4 2 2 0 1 0 2 1 1 1 0 0 0 0 1 0 1 1 1 1 1 1 0 1 1 1 0 1 1 0 2 1 2 1 2 2 1 2 2 1 1 2 0 4 1 0 1 2 1 2 0 1 2 1 1 2 2 1 2 2 2 0 1 0 1 0 1 1 1 3 1 1 1 1 1 1 1 0 1 1 0 1 1 1 1 1 0 3 1 1 1 1 1 0 1 0 1 1 1 1 1 1 1 1 1 0 1 1 1 1 0 0 1 1 1 1 1 1 0 0 0 1 0 1 1 1 1 1 0 1 0 1 1 1 1 1 1 1 1 1 1 1 1 1 1 1 0 1 
2 2 2 2 0 2 1 1 2 2 2 2 3 1 2 1 1 2 5 2 1 1 1 1 1 0 1 1 1 1 1 0 1 1 1 1 1 1 1 1 1 1 0 1 1 2 0 2 1 2 0 2 1 2 1 4 1 1 0 0 1 1 1 1 1 2 1 0 1 0 2 2 0 0 1 0 1 1 1 1 1 3 1 1 0 1 1 1 1 1 1 1 1 1 1 0 1 1 0 3 1 1 1 0 1 1 1 0 0 1 0 1 1 1 1 1 1 0 1 1 1 1 1 1 1 0 1 0 1 1 0 1 0 1 1 1 1 1 1 1 1 1 1 1 1 1 1 1 1 0 1 1 1 1 0 0 1 0 0 1 
1 1 1 2 2 2 0 2 0 0 1 0 4 1 1 1 0 2 0 2 0 1 1 0 1 1 1 1 1 1 1 1 1 1 0 1 1 1 1 1 0 1 2 2 2 0 2 1 1 1 1 1 0 2 2 4 1 1 1 0 0 0 1 2 2 1 0 0 1 2 2 2 1 1 1 0 1 1 1 1 1 3 1 1 1 1 1 1 1 1 1 1 1 1 0 1 1 0 1 3 1 1 0 1 1 1 1 1 0 1 1 0 0 1 1 1 1 1 1 1 1 1 1 1 1 1 1 1 0 1 1 1 1 0 1 1 1 1 0 0 0 1 1 0 1 1 1 0 1 1 1 1 1 0 1 1 1 0 0 1 
1 2 0 2 2 1 1 1 2 1 2 2 4 1 1 0 0 1 2 1 0 1 1 0 1 1 1 1 1 1 1 1 0 1 1 0 1 0 1 1 0 1 1 1 1 1 2 0 1 1 0 0 1 1 2 3 0 1 2 2 0 1 2 1 1 2 2 2 2 2 2 2 2 0 1 1 1 1 1 0 1 3 1 1 1 1 1 0 1 1 1 1 0 1 0 1 1 0 1 3 1 1 1 1 1 1 1 1 1 1 0 1 1 0 1 0 1 0 1 1 1 1 1 0 1 1 1 1 1 1 1 1 1 1 1 1 1 1 1 1 1 1 1 1 1 1 0 1 1 1 1 0 1 1 0 1 1 1 1 1 
2 1 2 2 2 2 0 2 1 1 0 2 4 1 1 1 1 1 1 2 0 0 0 0 1 1 1 1 0 1 1 1 1 1 1 1 1 1 1 1 1 1 2 1 0 0 1 2 1 1 2 2 1 2 2 3 2 2 0 1 2 1 1 1 1 2 0 1 2 1 0 0 1 0 1 1 1 0 1 1 0 3 0 1 1 1 1 1 1 0 1 1 1 1 1 1 1 1 1 3 1 1 0 1 0 1 1 1 0 0 0 1 1 1 1 1 1 1 1 1 1 0 1 1 1 1 1 1 0 1 1 1 1 1 1 1 1 1 1 0 1 1 1 0 1 1 1 1 1 1 1 1 1 1 1 1 1 1 1 1 
0 2 2 2 1 2 1 1 2 2 1 0 3 2 1 1 2 1 1 1 1 1 0 0 0 0 0 1 0 1 1 1 1 1 0 1 1 1 1 1 1 1 1 1 0 2 1 1 2 1 1 1 1 2 2 3 2 2 2 0 0 0 2 2 1 2 2 2 1 2 1 1 2 1 1 1 1 1 1 1 1 3 1 1 1 1 1 1 1 1 1 0 1 1 1 0 1 1 1 3 0 0 1 1 1 1 1 1 1 1 1 1 1 1 1 1 1 0 1 1 1 1 1 0 1 1 1 1 1 1 0 1 1 1 1 0 1 1 1 1 1 1 1 1 1 1 1 1 1 1 0 1 1 1 1 0 1 1 1 1 
1 1 0 2 2 2 1 2 2 0 2 2 3 1 1 2 1 1 2 0 0 1 0 0 1 1 1 1 1 1 1 1 1 1 1 1 1 1 1 1 1 1 0 2 0 1 1 1 1 2 2 0 2 2 2 3 0 1 2 1 2 2 1 1 2 1 0 1 1 2 0 2 1 1 1 1 0 0 0 0 1 3 0 1 1 1 1 1 1 1 0 1 1 1 1 0 1 0 1 3 1 1 0 1 1 1 1 1 0 1 0 1 1 1 1 0 1 1 1 1 0 0 1 1 0 1 1 1 1 1 1 1 1 0 1 1 1 1 0 1 1 1 1 1 1 1 1 1 1 0 1 1 1 0 1 1 1 1 0 0 
2 1 1 1 2 0 2 2 0 2 0 0 3 2 0 2 1 2 1 2 1 1 1 0 1 1 1 1 1 1 1 1 1 0 1 0 1 1 1 1 1 1 1 2 1 1 2 2 1 2 1 2 1 1 2 4 1 2 2 1 0 0 1 0 1 0 2 1 2 0 1 2 2 1 0 1 1 1 1 1 1 3 1 1 1 0 1 0 1 1 1 1 1 1 1 1 0 1 1 3 1 1 0 1 1 0 1 1 0 1 1 1 0 1 1 1 1 1 1 1 1 1 1 1 1 1 1 1 1 1 0 1 1 0 1 0 0 1 1 1 0 1 1 1 0 1 1 1 1 0 1 1 1 1 1 0 1 1 1 1 
0 1 1 1 2 2 1 1 2 2 1 2 3 0 2 2 0 1 1 0 2 1 1 1 1 1 0 0 1 0 1 1 1 1 1 1 1 1 0 1 1 1 1 1 2 1 2 0 0 2 2 1 1 2 2 4 1 2 2 1 1 2 0 0 2 2 2 1 2 1 0 2 1 0 1 1 1 1 1 1 1 3 1 1 1 1 1 1 0 1 0 0 0 1 1 1 1 1 1 3 3 3 3 3 3 3 3 3 3 3 3 3 3 3 3 3 3 3 3 3 1 1 1 1 1 1 0 0 1 1 1 1 1 1 1 0 1 1 1 1 1 1 1 1 0 1 1 0 1 1 0 1 1 1 1 1 0 1 1 0 
1 0 2 2 1 2 0 0 2 1 1 1 4 1 2 1 2 0 1 1 2 1 1 1 0 0 1 1 1 1 1 1 1 1 1 1 1 1 0 1 1 0 1 0 1 0 0 0 2 1 1 0 2 2 1 4 2 0 0 2 1 0 2 2 1 1 2 2 0 2 0 1 0 1 1 1 1 1 0 1 1 3 1 1 1 0 0 1 1 1 1 1 1 1 1 0 1 1 0 0 0 1 1 1 1 1 1 1 1 1 0 1 1 1 1 0 1 1 1 3 0 1 1 1 1 1 1 1 0 1 1 0 1 0 1 1 0 1 1 0 1 1 1 0 1 1 0 0 0 1 1 0 1 1 0 0 1 1 0 1 
1 2 2 2 1 2 2 1 1 2 1 0 4 2 2 0 2 1 2 1 0 1 0 1 0 1 0 1 1 1 1 1 1 0 0 0 1 1 1 0 1 1 2 1 2 0 2 2 1 1 1 2 2 1 0 4 2 2 2 0 2 1 1 2 2 0 1 2 2 2 2 0 1 1 1 0 1 0 1 0 1 3 1 0 0 1 0 1 1 1 0 0 1 1 1 1 1 0 0 0 0 1 1 1 1 0 1 1 1 1 1 0 0 1 1 1 0 1 1 3 1 1 1 1 1 0 1 1 1 1 1 1 1 1 0 1 0 1 0 1 1 1 0 0 1 1 1 0 0 1 1 1 0 1 1 1 1 1 1 1 
1 2 1 1 2 1 1 2 2 1 2 2 4 1 2 1 2 1 1 1 1 1 1 1 1 1 1 1 1 1 1 0 1 0 1 1 1 1 0 1 1 1 1 1 0 0 1 1 2 1 1 0 2 1 1 4 0 2 1 1 0 1 2 2 2 1 2 2 2 0 2 0 0 1 0 1 1 0 1 1 1 3 1 1 1 1 1 0 1 1 1 0 1 1 1 0 1 1 0 1 1 1 0 0 0 1 1 0 1 1 1 1 1 1 1 1 1 1 1 3 1 1 1 0 1 1 1 1 1 1 1 0 1 1 0 1 1 1 1 1 1 0 0 0 1 1 1 1 1 1 1 1 0 1 1 0 0 1 0 1 
1 0 2 2 1 0 1 2 1 1 1 1 4 2 0 1 2 1 0 1 1 0 0 1 1 0 1 1 1 0 1 0 1 1 1 1 1 1 0 1 1 1 2 2 0 2 0 2 1 1 2 1 2 2 2 4 2 1 0 2 1 1 2 2 2 1 1 2 1 2 1 1 0 1 1 1 1 1 1 0 1 3 1 1 1 1 1 0 1 1 1 1 1 1 0 1 1 0 1 1 1 1 1 0 1 1 1 1 1 1 1 1 1 1 1 1 1 0 1 3 1 1 1 1 1 1 0 1 0 1 0 0 0 1 1 0 1 1 1 1 0 1 1 1 1 1 0 1 1 0 1 1 1 0 0 1 1 0 1 0 
1 2 0 0 1 1 2 1 1 1 2 0 4 1 1 2 0 1 2 0 1 1 1 1 1 0 1 1 0 1 1 1 1 1 1 1 1 1 1 1 1 1 1 0 2 1 2 1 2 2 1 2 1 2 2 3 0 1 2 0 2 1 2 0 2 1 1 1 0 2 1 1 1 1 1 1 1 1 1 1 1 3 1 1 1 1 1 1 1 1 1 1 1 1 1 1 1 0 1 0 1 1 1 1 1 1 1 1 1 1 1 1 1 0 1 1 1 1 1 3 1 1 1 0 0 1 1 0 1 1 1 1 1 1 1 0 1 0 0 1 1 1 1 0 1 1 1 1 1 1 0 0 1 0 1 0 0 1 1 0 
2 2 2 1 0 2 2 2 0 2 1 0 4 0 2 2 2 2 2 2 1 1 1 0 1 1 1 1 0 1 1 1 1 1 0 1 0 1 0 1 1 0 1 0 2 0 2 2 2 1 0 0 2 1 1 3 2 2 2 2 0 2 1 1 0 1 1 2 1 1 1 2 2 0 1 1 1 1 1 1 1 3 1 1 0 1 1 1 1 0 1 1 1 1 1 1 1 1 1 0 0 1 1 1 1 1 1 1 0 1 1 1 1 1 1 1 1 1 0 3 1 1 1 0 1 1 1 1 1 1 1 0 1 1 0 0 1 1 0 0 1 1 1 1 1 1 0 1 1 1 1 0 0 0 1 1 1 1 1 1 
2 1 1 0 1 2 2 1 2 2 0 0 4 2 2 1 1 0 1 2 1 1 1 0 0 0 0 1 0 1 0 1 1 1 1 1 1 1 1 0 1 1 1 1 1 2 2 1 1 2 2 0 1 2 2 3 1 2 2 2 2 1 0 2 1 1 0 0 1 2 1 1 0 1 1 1 1 1 1 1 1 3 1 1 0 1 1 1 0 1 1 0 0 1 1 1 1 1 1 1 1 1 1 1 1 1 1 1 1 1 0 1 1 1 0 1 1 0 1 3 1 0 1 1 1 1 1 0 1 1 1 1 1 0 1 0 1 1 0 1 1 1 1 1 1 1 1 0 1 1 1 1 1 1 1 1 1 0 1 1 
1 1 0 0 1 2 1 2 2 0 1 0 4 1 1 1 1 2 2 1 1 1 1 1 1 1 0 1 1 1 1 1 1 0 1 1 1 1 1 1 1 1 2 2 2 0 0 1 1 0 0 2 2 0 2 3 1 0 2 1 1 1 2 0 2 1 1 1 0 2 2 0 2 1 1 1 1 1 0 1 1 3 1 1 1 1 1 1 1 1 0 1 1 1 0 1 1 1 1 1 1 1 0 1 1 1 1 1 1 1 2 0 2 2 2 2 0 2 1 3 2 2 2 2 2 1 0 2 2 1 1 2 1 1 2 1 2 2 2 1 1 1 0 1 1 1 1 1 1 1 1 0 1 1 1 1 0 1 0 1 
2 1 1 2 2 2 1 2 1 2 1 0 4 2 1 1 1 0 2 0 2 1 0 1 1 1 1 1 1 1 1 1 1 1 1 1 1 1 1 0 1 1 1 1 1 0 1 1 1 1 1 1 0 1 1 3 1 0 1 1 0 1 1 0 1 1 1 1 1 1 0 1 1 1 0 0 0 1 1 0 1 3 0 1 1 1 0 0 1 1 0 1 1 1 1 1 1 1 1 0 1 0 1 1 1 1 0 1 1 1 2 2 0 2 0 2 2 2 2 3 1 1 2 0 2 2 1 2 1 2 2 2 0 0 0 1 1 0 1 1 1 1 0 1 1 1 1 1 1 1 1 1 1 0 1 1 1 0 1 1 
1 1 1 0 1 0 2 2 0 2 0 0 3 1 1 1 2 1 2 2 2 1 1 1 0 0 0 1 0 1 1 1 1 1 1 1 1 0 1 1 1 1 0 1 1 1 1 1 1 1 1 1 1 0 0 3 1 0 1 1 1 0 1 1 0 1 1 1 1 1 1 1 1 0 1 1 1 1 1 1 1 3 0 0 0 1 1 0 1 0 1 0 1 0 1 1 0 0 0 1 1 1 1 1 0 0 1 1 1 1 2 1 2 1 0 1 1 2 2 4 1 1 2 2 0 2 1 2 2 0 1 2 2 1 1 2 2 0 2 2 1 0 1 1 1 1 1 0 1 1 1 1 0 0 1 1 1 1 0 1 
2 1 0 1 2 2 0 2 1 2 1 1 3 0 1 2 2 1 1 1 2 1 1 1 0 0 1 0 1 1 1 1 1 0 0 1 1 1 1 0 0 1 0 1 1 1 1 1 1 1 1 0 1 0 0 3 1 1 0 1 0 1 1 1 0 1 1 1 1 1 1 1 1 0 1 1 1 1 1 1 1 3 0 0 1 1 0 0 1 1 1 0 1 1 1 1 1 1 1 1 1 1 1 1 1 1 0 1 0 1 1 1 2 2 2 0 1 2 2 3 1 1 0 1 0 1 1 0 1 1 1 2 1 1 1 2 1 2 2 2 1 1 1 1 1 1 1 1 0 1 1 1 1 1 1 1 1 1 0 1 
1 1 2 2 1 2 0 1 2 1 1 1 3 0 2 1 1 2 1 1 1 1 0 1 1 1 1 1 1 1 1 1 0 1 1 1 1 1 1 1 1 1 1 1 1 1 1 0 1 1 1 0 1 0 1 3 1 1 0 1 1 1 1 1 1 1 0 1 0 1 1 0 1 1 1 0 1 1 1 1 1 3 0 1 1 1 1 1 1 1 0 1 1 1 1 1 1 1 1 1 1 1 1 1 1 1 0 1 1 0 2 0 2 1 1 0 0 0 2 3 0 1 1 1 2 0 2 0 0 2 2 1 1 0 1 0 0 0 1 1 1 1 1 1 1 1 0 1 1 1 1 1 1 1 1 1 1 1 1 1 
1 1 1 0 0 2 2 1 2 1 1 1 4 2 2 1 2 1 1 0 2 1 1 0 0 1 0 1 1 1 1 1 1 1 1 1 1 1 1 0 1 1 1 1 1 1 0 1 1 0 1 0 1 1 1 3 1 0 1 0 1 1 1 1 1 1 0 1 1 0 1 1 0 1 1 1 1 0 1 1 1 3 0 0 0 1 1 1 1 1 1 1 1 1 1 1 0 1 1 1 1 0 1 0 1 0 1 1 1 1 2 0 1 1 2 2 0 2 2 3 1 1 2 1 0 0 2 1 2 1 0 0 2 1 1 2 1 0 2 1 2 1 1 1 1 0 1 0 1 0 1 1 1 1 0 0 0 1 1 1 
0 0 2 1 1 2 2 1 1 2 0 1 3 2 1 2 1 0 0 2 0 1 1 1 1 1 1 1 1 1 1 1 1 1 1 1 1 1 1 1 1 1 1 1 1 0 1 1 0 1 1 1 0 1 1 3 0 1 1 0 1 1 1 1 1 1 1 1 1 1 1 1 1 1 0 1 0 1 0 0 0 3 0 0 1 1 0 1 0 0 1 1 0 1 1 1 1 1 1 0 0 1 1 1 0 1 1 0 1 0 1 1 0 1 2 0 0 1 2 3 0 1 2 2 2 0 0 2 1 2 1 1 2 1 1 2 1 2 2 1 2 1 1 1 1 1 1 1 1 1 1 1 1 0 1 0 1 1 0 1 
0 2 2 0 1 2 2 1 0 2 1 2 4 2 2 1 1 0 1 1 2 1 0 1 1 0 0 1 1 0 1 0 1 1 1 1 1 0 0 1 1 1 1 1 1 0 1 1 1 1 1 1 1 1 1 3 1 0 1 0 0 0 1 1 1 1 1 1 1 1 1 0 1 1 1 1 1 1 1 0 1 3 1 1 0 1 1 0 1 0 0 1 1 0 1 0 1 1 0 1 1 0 1 1 0 1 1 0 1 1 1 2 2 1 1 1 2 1 2 3 2 0 0 1 0 2 2 2 2 1 1 2 1 1 0 2 2 1 1 1 2 1 1 1 0 1 0 1 0 1 1 1 1 1 1 1 1 1 1 1 
1 0 2 1 2 1 1 1 1 1 1 1 3 1 2 0 2 1 2 0 0 1 1 1 1 1 1 0 1 1 1 0 0 1 1 1 1 0 1 1 1 0 1 1 1 1 0 1 1 1 1 1 1 1 0 3 0 1 0 1 1 1 0 1 1 1 1 1 1 1 1 0 1 1 1 1 1 1 1 1 1 3 0 1 0 0 0 1 0 1 1 1 1 1 1 1 1 1 1 1 1 1 1 1 1 1 1 0 1 1 1 1 1 1 1 0 1 0 1 3 2 2 1 2 0 0 0 1 2 2 1 0 1 1 2 1 2 1 2 1 1 1 1 1 1 0 1 1 1 1 1 1 1 0 0 0 1 1 0 1 
1 2 1 2 1 1 2 1 1 2 2 2 3 1 1 2 0 1 1 1 2 1 1 1 1 1 1 1 0 1 0 1 1 1 1 0 1 1 1 1 1 1 0 1 1 1 1 1 1 1 1 1 1 1 1 3 1 1 0 1 1 1 0 0 1 1 1 1 1 0 1 1 1 1 1 1 1 1 1 1 1 3 1 1 1 1 1 1 1 1 1 1 1 1 1 1 1 0 1 1 1 1 1 1 1 0 1 1 1 1 1 2 0 2 1 0 1 2 2 4 2 1 0 2 0 2 0 2 2 0 1 1 2 2 2 1 0 1 1 2 1 1 1 1 1 1 0 1 1 1 1 1 1 0 1 1 1 1 1 1 
0 2 0 2 1 2 1 2 1 0 0 2 3 1 0 1 0 0 2 0 1 1 1 1 1 1 1 0 0 1 1 1 1 1 1 1 0 1 1 1 1 1 1 1 1 1 0 0 1 1 1 1 0 0 1 3 1 1 1 1 0 1 0 1 0 0 1 1 1 1 1 1 1 1 1 1 1 1 0 1 1 3 0 1 1 1 0 0 1 1 1 1 1 1 0 0 0 0 1 1 1 1 1 1 1 0 1 1 1 1 1 0 1 2 1 2 1 2 2 4 0 1 1 0 0 0 0 2 2 1 1 1 1 1 2 0 1 2 0 1 2 0 1 1 1 1 1 1 1 1 1 1 1 1 1 1 1 1 1 1 
2 2 1 1 1 2 2 0 0 1 1 0 3 2 1 1 1 1 2 2 1 0 1 1 1 0 1 1 1 1 1 1 1 1 1 0 1 1 1 1 1 0 1 0 1 1 1 0 1 1 1 1 0 1 1 3 0 1 1 1 1 1 1 1 1 1 0 1 1 0 1 1 0 1 1 1 0 1 1 1 1 3 3 3 3 3 3 3 3 3 3 3 3 3 3 3 3 3 3 3 3 3 0 1 1 1 1 1 1 1 1 2 1 0 0 1 1 0 1 4 2 1 2 0 1 0 1 1 2 1 1 0 1 0 2 1 1 2 0 2 2 1 1 1 1 1 0 0 1 1 0 1 1 1 1 1 1 1 1 1 
1 1 2 1 0 2 2 0 2 0 2 1 4 0 1 0 2 0 2 0 2 1 1 1 1 1 1 1 0 1 1 1 1 1 1 1 1 0 1 1 1 1 1 0 1 1 1 1 1 0 1 1 1 1 0 3 1 1 0 0 1 0 1 1 1 1 1 1 1 0 0 1 1 1 1 0 0 1 1 1 1 1 1 1 1 1 0 1 1 1 1 0 1 0 1 1 1 0 1 0 0 3 1 1 1 1 1 1 1 1 2 0 2 1 0 0 0 2 2 4 0 2 1 1 1 2 0 2 2 0 1 1 0 0 2 1 0 2 1 2 0 1 1 1 1 0 1 1 1 0 1 0 1 1 1 0 1 1 1 3 
1 1 0 1 1 1 1 0 1 0 0 0 3 1 1 1 1 1 1 0 1 1 1 1 1 1 1 1 0 1 1 0 1 1 0 1 1 1 0 1 1 1 0 1 1 1 0 1 0 1 1 0 1 1 1 3 1 1 0 1 0 1 1 1 1 1 1 0 1 1 0 1 1 1 1 0 1 1 1 1 1 1 0 0 0 0 1 1 1 1 1 0 0 1 1 1 1 0 1 1 1 3 0 0 1 1 1 0 1 0 0 2 1 1 1 1 2 2 0 3 1 0 2 2 2 1 0 1 0 0 2 0 1 1 2 1 2 2 1 1 1 1 0 1 1 1 1 1 1 0 1 1 1 0 1 1 1 1 1 3 
1 1 0 0 1 1 1 0 0 1 1 1 3 0 1 0 1 1 1 1 1 1 0 1 1 0 1 1 0 1 1 0 1 0 1 1 1 1 1 1 1 0 1 0 1 1 1 1 1 1 1 0 1 1 1 3 1 1 0 1 1 1 0 0 1 1 1 1 1 0 1 1 1 0 1 0 0 1 1 0 1 1 1 1 1 0 1 1 1 0 1 1 1 1 0 1 0 1 1 1 1 3 0 0 1 1 1 1 1 1 1 1 2 2 2 2 1 1 1 4 1 2 2 2 2 1 2 1 1 1 0 0 1 0 2 1 2 1 2 2 1 0 1 1 1 1 1 1 1 0 0 1 0 0 1 1 1 1 1 3 
1 1 1 1 1 0 1 1 1 1 1 0 3 0 1 1 1 1 0 0 0 1 1 1 0 1 1 1 1 1 1 1 1 1 1 1 1 1 1 1 1 1 1 1 1 1 1 1 1 1 1 0 1 1 1 3 1 1 1 1 1 1 1 1 1 1 0 1 1 1 1 1 1 1 1 1 1 0 1 1 1 1 1 1 1 1 1 1 1 1 1 1 1 1 1 1 1 1 0 1 1 3 1 1 1 1 1 1 0 1 2 1 0 1 1 2 1 2 2 4 1 1 0 2 2 0 2 0 2 2 2 0 2 2 2 1 1 2 2 0 1 1 1 1 1 0 1 0 1 0 1 1 1 1 1 1 1 1 1 3 
1 1 0 1 1 1 1 1 0 0 1 1 3 1 0 0 0 1 1 0 1 0 1 1 1 0 1 1 0 1 1 1 1 0 1 1 1 1 0 1 1 1 1 1 1 1 1 1 1 1 1 1 1 1 1 3 1 1 1 1 0 0 1 1 1 1 1 1 1 1 0 1 0 1 1 0 1 1 1 0 0 0 1 1 1 1 0 1 0 1 1 1 1 0 0 1 1 0 1 0 1 3 1 1 1 1 1 1 1 1 1 0 2 0 1 0 1 2 1 3 2 2 2 0 2 1 2 0 1 0 1 1 0 2 0 2 1 1 2 1 2 1 0 1 0 0 1 1 1 1 1 1 1 1 0 1 0 0 1 3 
1 1 1 1 1 1 1 1 0 1 1 1 3 0 1 1 1 1 0 1 1 1 1 0 0 1 1 1 1 1 1 0 1 1 1 1 1 1 0 1 0 0 1 1 1 1 1 1 1 1 0 1 0 0 1 3 1 1 1 1 1 1 1 1 0 1 1 1 1 1 1 1 1 1 0 1 1 1 1 1 1 1 1 1 1 1 1 1 0 1 1 1 0 1 1 1 1 1 1 1 1 3 1 1 1 1 1 0 1 1 0 2 1 1 1 0 0 2 1 4 1 2 1 1 1 2 2 2 0 2 1 2 0 0 1 1 1 1 0 1 1 1 0 1 0 1 1 1 1 1 1 1 1 0 1 1 1 1 1 3 
1 1 0 0 1 1 1 0 1 1 0 1 3 1 1 1 1 1 1 1 1 1 1 0 1 1 1 1 0 0 1 1 0 1 0 0 0 1 1 1 0 1 0 1 0 1 1 1 1 1 1 1 0 1 1 3 0 1 1 1 0 0 1 1 1 0 0 0 1 1 1 0 0 0 1 1 1 1 1 1 1 1 1 0 1 1 1 0 1 1 1 0 1 1 1 0 0 1 1 0 1 3 0 1 1 1 1 0 1 1 1 1 2 1 2 1 2 0 2 4 1 0 2 0 1 1 2 2 1 2 2 2 2 1 0 0 2 1 2 0 2 1 1 0 0 1 0 1 1 1 1 0 1 1 1 1 1 0 1 3 
1 0 0 1 1 1 1 1 1 1 1 1 3 1 0 1 1 1 0 1 1 1 1 1 1 1 0 1 1 1 1 1 1 1 0 1 1 1 1 1 0 1 1 1 0 1 1 1 0 1 1 1 1 1 1 3 1 0 1 1 1 0 1 1 1 1 1 1 1 0 1 1 0 1 1 1 1 1 0 1 1 1 0 1 1 1 1 1 1 1 1 0 1 1 1 0 1 1 1 0 1 3 1 1 1 1 0 1 1 1 2 2 2 0 1 1 2 1 2 3 1 2 2 1 0 1 0 1 1 1 0 0 1 1 1 2 0 0 0 2 0 1 1 1 1 1 1 1 1 1 1 1 1 0 1 1 1 1 1 3 
0 1 0 1 0 1 1 1 0 1 1 1 3 0 1 1 0 1 1 1 1 0 1 0 1 1 1 1 1 0 1 1 1 1 1 1 1 1 1 1 1 1 1 1 0 0 1 0 1 1 1 1 1 1 1 3 1 0 1 1 1 1 1 1 1 1 1 1 1 1 1 1 1 1 1 1 1 1 1 1 1 1 1 0 1 0 1 1 1 1 1 1 0 1 0 0 1 1 0 1 1 3 1 1 1 1 1 1 0 0 0 2 2 1 0 2 1 1 2 4 1 2 0 1 1 2 2 1 2 1 1 2 1 2 0 1 2 0 2 1 2 0 1 1 1 1 0 1 1 1 0 1 1 0 1 0 1 1 1 3 
1 1 1 1 1 1 1 0 1 1 0 1 3 1 1 0 1 1 1 0 1 0 0 1 1 1 1 1 1 1 1 1 1 1 0 1 1 1 1 1 1 1 1 1 0 1 1 1 1 0 1 1 1 1 0 3 1 0 1 1 1 1 0 1 1 1 1 1 1 1 0 0 1 1 1 1 1 0 1 1 1 1 1 1 1 1 1 1 1 1 1 1 1 1 1 0 0 1 1 1 1 3 1 1 1 1 1 1 1 0 1 2 2 1 1 2 1 2 2 4 1 1 2 2 0 0 0 1 2 0 2 2 0 0 2 0 2 2 2 2 1 1 1 0 1 0 1 1 1 1 0 1 1 1 1 1 1 1 1 3 
1 0 1 1 1 1 1 0 0 0 1 1 3 1 1 0 0 1 1 1 1 1 1 0 1 1 1 1 1 1 1 1 1 1 0 1 1 0 1 1 1 1 0 0 0 1 1 0 1 0 1 1 1 0 1 3 1 1 1 0 1 1 1 1 1 1 1 0 1 0 1 1 1 1 1 1 1 1 1 1 1 1 1 1 1 1 1 1 1 0 1 1 1 1 1 1 0 1 1 1 1 3 1 1 1 1 1 1 1 1 1 1 1 0 1 2 2 2 1 4 1 2 1 1 0 2 0 2 1 1 2 1 1 1 1 2 0 0 2 0 1 1 1 0 1 1 1 1 1 1 1 1 1 1 1 0 0 1 1 3 
1 1 1 1 1 0 0 1 1 1 1 1 3 1 1 1 1 0 1 1 1 1 1 1 1 1 0 1 1 0 0 1 0 1 1 1 1 1 1 1 1 0 1 1 0 1 1 1 1 1 1 1 0 1 1 3 1 1 1 1 1 0 1 1 1 1 1 1 1 0 1 0 1 1 1 1 0 1 0 1 1 1 1 1 1 0 1 1 1 1 1 1 1 1 1 1 1 1 1 1 1 3 1 1 0 1 1 0 1 1 0 2 2 2 1 1 2 0 2 4 2 2 2 2 0 2 0 1 1 1 2 1 1 1 1 2 1 0 1 0 1 1 0 1 1 1 0 1 1 1 0 1 1 1 1 1 1 1 1 3 
1 1 1 0 0 1 1 1 1 1 1 1 3 1 0 1 1 1 1 1 1 1 1 1 1 0 1 0 1 1 1 1 0 0 0 1 1 1 1 1 1 1 0 1 1 1 0 1 1 0 1 1 1 0 1 3 1 1 1 1 1 1 1 0 1 1 1 1 1 1 1 1 1 1 1 1 0 1 1 1 1 1 1 1 1 1 0 1 1 1 0 1 1 1 1 1 1 0 1 1 1 3 1 1 1 1 1 1 1 1 0 2 2 1 2 1 0 2 1 3 2 2 0 2 2 2 2 1 2 1 1 2 2 2 1 1 2 2 0 1 1 1 1 1 1 1 1 1 1 1 0 1 1 1 1 1 1 1 1 3 
0 0 1 1 1 1 0 1 0 0 1 1 3 0 1 1 0 0 1 1 1 0 0 1 1 0 1 0 1 1 1 1 1 1 1 1 1 1 1 1 1 0 1 0 0 1 1 0 1 1 1 1 1 1 1 3 1 1 1 0 1 1 1 1 1 0 1 1 1 0 1 1 1 1 1 1 1 1 1 1 1 1 1 1 1 1 1 1 0 1 1 1 1 1 1 1 1 1 1 1 0 3 1 1 1 0 1 1 1 1 0 2 0 1 1 2 2 2 2 3 2 0 2 0 1 1 1 1 0 1 1 1 0 1 0 1 0 2 1 1 2 0 1 1 0 1 0 1 0 1 1 1 1 1 1 1 1 1 1 3 
1 1 1 1 1 1 1 1 0 1 1 1 3 1 1 1 1 1 1 1 0 1 0 1 1 1 1 1 1 1 1 1 1 1 0 1 0 1 1 0 1 0 1 1 1 1 1 0 1 1 1 1 1 1 0 3 1 1 0 1 1 1 0 0 1 0 1 1 1 0 1 1 1 1 1 0 0 1 1 0 0 1 0 1 0 0 1 1 1 1 0 1 1 1 1 1 1 1 0 1 1 3 1 1 1 1 1 1 1 1 1 2 1 2 0 1 1 2 1 4 1 2 2 2 0 1 0 2 2 0 2 2 0 1 1 1 2 1 0 0 2 1 1 0 1 1 1 1 1 1 1 1 1 1 0 1 0 1 1 3 
1 1 1 1 1 1 1 1 1 1 1 1 3 1 1 0 1 1 1 1 0 1 1 1 0 1 1 1 1 1 1 1 1 1 1 1 1 1 1 1 1 1 1 0 0 1 1 1 1 1 1 1 1 1 1 3 1 1 1 1 1 1 1 0 1 1 1 0 1 1 1 1 1 1 1 0 1 0 1 1 1 1 1 1 1 0 1 1 1 0 1 0 0 1 1 1 1 1 0 1 1 3 1 0 1 1 1 1 1 1 0 0 0 2 2 1 1 2 0 3 1 1 2 2 2 1 1 2 2 1 2 1 0 1 0 1 1 1 2 0 2 1 1 0 0 0 1 1 1 0 0 1 1 1 1 0 1 0 1 3 
0 1 1 1 1 0 1 0 1 1 1 0 3 1 1 1 1 0 1 0 1 1 0 1 1 1 1 1 1 1 1 1 1 1 0 0 1 1 1 0 0 1 0 0 1 1 0 1 1 1 0 0 1 1 1 3 1 1 1 0 1 1 1 1 1 1 1 1 1 0 0 0 1 0 1 0 1 1 1 0 1 1 1 1 1 1 1 1 1 0 1 1 1 0 1 1 1 1 1 1 1 3 1 1 1 0 1 0 1 1 0 2 2 2 1 2 1 1 2 3 2 1 2 1 2 0 2 2 0 1 1 1 1 0 1 2 0 2 2 0 2 0 1 1 1 1 1 1 1 1 1 1 1 1 1 1 1 1 0 3 
1 1 1 1 1 1 1 1 1 1 1 0 3 1 1 1 1 1 1 1 1 1 1 0 1 1 1 1 1 1 0 1 1 0 0 1 1 1 1 0 1 0 1 1 1 0 0 1 1 1 1 1 1 1 0 3 0 1 0 1 0 0 1 1 1 1 1 1 1 1 1 1 1 0 1 1 1 1 1 1 1 1 1 1 1 0 1 1 1 1 1 1 1 1 1 1 1 1 1 0 1 3 1 0 1 1 1 1 1 0 0 1 1 0 2 1 2 2 2 4 0 0 0 1 1 1 1 1 0 1 2 1 2 1 1 0 2 1 0 1 1 0 1 1 1 1 1 1 1 1 1 1 1 1 1 1 0 1 1 3 
0 1 1 0 0 1 1 0 1 1 1 1 3 1 1 1 1 1 1 1 1 1 1 1 0 0 1 0 1 1 1 1 1 1 1 1 1 1 0 1 1 1 0 1 1 1 1 1 0 1 1 1 1 1 1 3 1 1 1 1 1 1 1 1 1 1 1 1 1 0 1 1 1 1 1 1 1 1 1 1 1 1 1 0 1 1 0 1 1 0 1 1 1 0 1 0 1 1 0 0 1 3 1 1 1 0 0 1 1 0 0 2 1 1 1 2 2 0 0 4 1 2 1 2 2 0 2 1 0 1 1 1 2 0 2 2 1 0 1 2 1 1 1 1 1 1 1 0 1 0 1 1 1 1 1 0 1 1 1 3 
1 1 1 0 1 1 1 1 1 1 1 1 3 1 1 1 1 1 1 1 0 1 1 1 1 1 1 1 1 0 1 1 1 1 1 0 1 1 0 1 1 0 1 1 0 1 1 1 1 1 1 0 1 1 1 3 3 3 3 3 3 3 3 3 3 3 3 3 3 3 3 3 3 3 3 3 0 0 0 0 1 1 1 1 1 1 1 1 1 1 1 1 1 1 1 0 0 0 1 0 0 3 1 1 1 1 1 0 1 1 0 1 1 1 0 1 1 1 1 3 1 1 1 1 0 1 0 1 0 1 1 1 1 1 0 1 1 0 1 0 1 1 1 0 1 1 1 1 1 1 0 0 1 1 1 1 1 1 1 3 
1 1 1 1 1 1 1 1 0 0 1 1 3 1 1 0 1 0 1 0 1 0 1 1 1 1 1 1 1 1 1 1 0 1 1 1 1 1 1 1 0 1 0 1 1 1 1 1 1 1 1 1 1 1 1 1 1 1 1 1 0 1 0 1 1 1 1 1 1 0 1 0 1 1 0 3 1 1 1 1 1 0 1 0 1 1 1 1 0 1 1 1 1 1 1 1 0 1 1 1 1 3 1 1 1 1 0 0 1 1 1 1 1 1 1 0 1 1 1 3 3 3 3 3 3 3 3 3 3 3 3 3 3 3 3 3 3 3 3 3 1 1 1 1 1 0 1 0 0 1 1 1 0 1 1 1 0 0 1 3 
1 1 1 1 1 1 1 1 1 1 0 1 3 1 1 1 1 1 0 1 1 1 1 1 1 0 1 1 1 1 1 1 1 1 1 1 1 1 1 1 0 0 1 1 0 1 1 1 1 1 1 1 1 1 0 1 1 0 0 1 1 1 1 1 0 1 1 1 1 0 1 0 1 1 1 3 1 1 0 1 0 1 1 0 0 1 1 0 1 1 0 1 0 1 0 1 1 1 1 1 1 3 1 1 0 1 1 0 1 1 1 0 1 1 1 1 1 1 0 0 1 0 1 1 1 1 1 1 1 1 1 1 1 1 1 1 1 1 1 3 1 1 1 1 1 1 1 1 1 0 1 1 0 1 1 1 1 1 1 3 
1 1 0 0 1 0 1 1 1 1 0 1 3 1 1 1 1 1 1 1 1 1 1 1 0 1 1 1 1 1 1 1 1 1 1 1 1 1 1 1 1 1 1 0 1 1 1 1 1 1 1 1 1 1 1 0 1 0 1 1 1 0 1 1 1 0 1 1 0 1 1 1 1 0 1 3 1 0 1 1 1 1 1 1 1 1 1 1 1 1 1 1 1 1 1 1 1 0 0 1 0 3 1 1 0 1 1 1 1 1 1 1 1 1 1 1 1 1 1 0 1 1 1 0 0 1 1 1 0 1 1 1 1 1 1 1 1 1 1 3 0 0 1 0 1 1 0 1 1 1 0 1 1 1 1 1 1 1 1 3 
1 1 1 0 1 0 1 1 1 1 1 1 3 1 1 1 0 1 1 1 1 1 1 0 1 1 1 1 0 1 1 1 1 1 1 0 1 1 1 1 1 1 1 1 1 1 1 1 1 1 1 1 1 1 0 1 1 1 1 1 0 1 0 1 0 1 0 1 1 1 1 0 1 1 1 3 1 1 1 0 0 1 1 1 1 1 1 0 1 1 1 1 0 0 1 1 1 1 0 1 1 3 0 0 0 1 1 0 0 1 1 1 0 1 1 0 0 1 1 1 1 1 1 1 0 1 1 1 1 1 1 1 1 1 1 1 1 1 1 3 1 0 1 1 1 0 1 1 1 1 0 0 1 1 1 1 1 1 1 3 
1 1 1 1 1 0 1 0 1 1 1 1 3 1 1 1 1 1 0 1 1 1 1 0 0 0 1 1 1 1 1 1 1 1 1 1 1 1 1 1 1 1 1 1 1 0 1 1 1 1 1 1 1 1 1 0 1 1 1 1 1 0 1 1 1 1 1 1 0 1 0 0 1 1 1 3 0 1 1 0 1 1 0 0 1 0 1 1 0 1 1 1 1 1 1 1 1 1 1 1 1 3 1 1 1 1 1 1 1 1 1 1 1 1 1 1 1 0 1 1 1 1 1 1 0 1 1 1 1 1 1 1 1 1 1 1 1 1 0 3 1 1 1 1 1 1 1 1 1 1 1 1 1 0 1 1 1 1 0 3 
1 0 1 1 1 0 0 1 1 1 1 0 3 1 1 0 1 1 1 1 1 1 1 0 1 0 1 1 1 0 1 1 0 1 1 0 0 1 1 1 1 1 0 1 1 1 1 1 1 1 0 1 1 1 1 1 0 1 1 1 1 1 1 1 0 1 1 1 1 1 1 1 1 1 1 3 1 1 0 1 0 1 0 1 1 1 1 1 1 1 1 1 1 1 1 1 0 0 1 0 1 3 0 1 0 1 1 1 0 1 1 1 1 1 0 1 1 0 1 1 1 1 1 1 1 1 1 1 1 1 1 1 1 0 1 0 1 1 0 3 1 1 1 1 1 1 0 1 1 1 0 1 0 1 1 1 1 1 1 3 
1 1 1 1 1 1 1 0 0 0 1 0 3 1 0 1 1 1 1 0 0 1 1 0 1 1 1 1 1 0 1 1 1 1 1 0 0 1 1 1 1 1 1 0 1 0 1 1 0 1 0 1 1 1 1 1 1 1 1 1 0 1 1 0 1 1 1 1 1 1 1 1 1 1 1 3 1 1 1 1 1 0 1 1 1 0 1 1 1 1 1 1 0 1 1 1 1 1 1 1 1 3 1 1 0 1 0 1 0 1 0 1 1 1 1 0 1 1 1 1 1 1 1 0 1 0 1 1 1 1 1 1 1 1 1 1 1 0 1 3 1 0 1 0 1 1 1 1 1 1 1 1 1 1 1 1 1 1 1 3 
0 1 1 1 1 1 1 1 1 0 1 1 3 1 0 1 1 1 1 1 1 1 1 1 1 1 1 1 1 1 1 1 1 1 1 1 1 1 1 1 1 1 1 1 1 1 0 1 1 1 1 0 1 1 1 1 1 1 1 1 1 0 1 1 1 1 1 1 1 1 1 0 0 1 1 3 1 1 0 1 1 1 1 0 1 1 1 1 0 1 1 0 1 1 1 0 1 1 1 1 1 3 1 1 1 1 1 1 1 1 0 1 1 1 1 0 1 0 1 1 1 0 1 1 1 1 1 1 1 1 1 1 1 1 1 1 0 1 1 3 1 1 1 0 0 0 1 1 1 1 1 1 1 1 1 0 1 1 1 3 
1 1 1 0 0 0 1 1 1 0 1 1 3 1 0 1 1 1 0 1 0 0 0 0 1 1 1 1 1 1 1 1 1 1 0 0 0 1 1 1 1 1 1 1 0 1 0 1 1 1 1 1 1 0 1 1 1 1 1 1 1 1 1 1 0 1 0 1 0 1 0 1 1 1 1 3 1 1 1 0 1 0 1 1 1 1 1 0 1 1 0 1 1 0 1 1 0 0 0 0 1 3 1 1 1 1 1 1 1 1 1 1 1 1 1 0 1 0 1 1 1 0 1 1 1 0 1 0 1 1 1 1 0 1 1 1 1 1 1 3 1 1 1 1 1 1 1 1 0 1 1 1 1 1 1 1 1 1 0 3 
1 0 0 1 0 0 1 0 0 1 1 1 3 1 1 1 1 0 1 1 0 0 1 0 1 1 0 1 1 1 1 1 1 1 0 0 1 0 1 0 1 1 1 0 0 1 0 1 1 0 0 1 1 1 1 0 1 0 0 0 1 1 0 1 1 1 0 1 1 1 1 0 1 1 1 3 0 1 1 0 1 2 1 2 0 0 1 1 1 2 2 2 2 2 1 0 0 0 2 2 1 4 1 2 2 0 1 1 1 2 1 1 1 1 1 1 0 0 1 1 0 1 1 0 1 1 1 1 1 1 0 1 1 0 1 1 1 1 1 3 0 1 1 1 1 1 1 1 1 0 1 1 1 0 1 0 1 1 0 3 
1 1 1 1 1 0 1 1 1 1 1 0 3 0 1 1 0 0 1 1 1 1 1 1 1 1 0 1 1 1 1 1 1 1 1 1 1 1 1 1 1 1 1 1 1 1 0 1 1 0 1 1 1 1 1 1 1 1 1 1 1 0 1 1 0 0 1 1 1 1 0 1 1 1 1 3 1 1 1 1 2 2 2 1 2 1 1 2 2 1 2 1 2 1 2 1 0 0 0 1 1 4 1 1 0 1 1 2 0 2 2 1 1 1 1 1 1 1 1 1 0 1 0 0 1 1 1 1 1 0 1 1 0 0 1 1 1 1 1 3 1 1 1 0 1 1 1 1 0 1 0 1 1 1 1 1 1 0 1 3 
1 1 1 1 1 1 0 1 1 1 0 1 3 1 1 0 1 0 1 1 1 1 1 1 0 1 1 1 1 1 1 0 1 1 1 1 1 1 1 1 1 1 1 1 1 1 1 1 1 1 1 1 1 0 1 1 0 1 0 1 1 1 0 1 0 1 1 1 1 0 1 1 1 1 1 3 1 1 0 0 2 2 1 1 1 2 2 0 1 2 1 2 2 1 1 0 1 1 2 1 1 3 1 2 1 1 2 1 2 0 0 1 1 1 1 1 1 1 1 1 1 1 0 1 1 1 1 0 1 0 1 1 1 1 0 1 1 1 1 3 0 1 0 1 1 1 1 0 0 1 1 1 1 1 1 1 1 1 1 3 
1 0 0 1 1 1 0 0 0 1 0 1 3 1 1 1 1 1 1 0 1 1 1 1 1 1 1 1 1 1 1 1 0 1 1 0 1 1 0 1 1 1 1 1 0 1 0 1 0 1 0 1 1 1 1 1 1 0 1 1 1 1 0 1 0 1 1 1 1 1 1 0 1 1 1 3 0 1 0 1 0 2 1 0 0 1 1 2 2 0 1 2 0 0 2 2 1 1 1 2 0 3 1 2 2 1 1 2 1 0 1 0 0 1 1 1 1 1 1 1 1 1 1 1 1 0 1 0 1 1 1 0 1 1 1 0 1 1 1 3 1 1 1 1 1 1 1 0 1 1 1 1 1 1 0 0 1 1 0 3 
1 0 1 1 1 1 1 1 1 0 1 1 3 1 1 1 1 1 1 1 1 1 0 1 1 1 0 1 1 0 1 1 1 1 1 1 1 1 1 1 1 1 0 1 1 1 1 0 1 0 0 1 1 0 0 1 1 1 1 1 1 1 1 1 0 1 1 1 0 0 1 1 0 0 1 3 0 0 1 0 0 1 0 1 2 0 2 1 1 1 1 2 0 1 0 1 2 1 2 1 0 4 0 0 2 2 1 1 1 2 2 1 1 1 1 1 0 1 0 0 0 1 1 1 0 1 1 1 1 1 1 1 1 1 0 1 1 1 1 3 1 1 1 1 0 0 1 0 1 1 0 0 1 1 1 0 1 0 1 3 
0 1 0 1 1 1 1 1 1 1 0 1 3 1 1 1 1 1 1 1 1 1 1 1 1 0 1 1 1 0 1 1 0 1 0 1 1 1 1 0 1 0 1 1 0 1 1 1 1 0 1 1 0 1 0 0 1 1 1 1 1 1 1 1 0 1 1 0 1 1 1 0 1 1 1 3 1 1 1 1 2 1 2 2 1 1 2 0 1 1 1 2 2 1 1 2 0 1 1 2 2 3 2 0 1 2 2 2 1 1 0 1 0 1 1 1 1 0 0 1 1 1 1 1 0 1 1 1 1 1 1 1 0 0 1 0 1 1 1 3 0 0 1 0 1 1 1 1 1 1 1 0 1 1 1 0 1 0 1 3 
1 0 1 1 1 1 1 1 1 1 1 1 3 1 1 1 1 1 1 1 1 1 0 0 0 1 1 1 1 0 1 1 1 0 0 1 1 1 1 1 0 1 0 0 1 1 1 0 1 1 1 1 0 0 0 1 1 1 1 0 1 1 1 0 0 1 1 1 0 1 1 1 0 1 1 3 1 0 1 0 2 1 1 0 1 2 0 2 1 1 0 1 2 1 1 2 2 2 1 0 1 4 1 0 2 1 0 2 2 2 2 1 1 0 1 1 1 1 1 1 1 1 0 1 1 1 1 0 1 1 1 1 1 1 1 1 1 1 1 3 0 1 1 1 1 1 1 1 1 1 1 1 0 0 1 1 0 0 1 3 
1 0 1 1 1 1 1 1 1 0 1 1 3 0 1 1 1 1 1 1 1 1 1 1 1 1 1 1 1 1 1 0 1 1 1 1 1 0 1 0 1 0 0 0 1 1 1 1 1 1 1 1 1 1 1 0 1 1 1 1 1 1 0 1 1 1 1 1 1 0 1 0 1 1 1 3 0 1 0 1 2 1 2 1 1 1 1 2 1 1 2 2 2 1 0 1 2 0 1 1 0 4 1 2 1 1 2 0 0 1 1 1 1 1 1 0 1 1 1 1 0 0 1 1 0 1 1 1 1 1 1 0 1 1 1 1 1 1 0 3 1 1 1 1 1 1 1 1 1 1 1 1 1 1 0 1 1 0 0 3 
0 1 1 0 1 1 1 1 1 1 1 1 3 1 1 1 1 0 1 1 1 1 1 1 1 1 1 1 1 1 1 0 1 1 0 1 1 1 1 1 1 1 1 1 1 1 0 0 1 1 1 1 0 1 1 1 1 1 1 0 1 0 1 1 0 1 1 1 0 0 0 0 1 1 1 3 0 1 1 0 2 0 1 1 2 2 2 2 0 0 2 1 2 0 0 2 1 0 2 2 1 4 2 2 0 2 1 2 2 0 2 1 0 1 1 0 1 0 1 1 1 1 0 1 1 1 1 1 1 1 1 1 0 1 0 1 1 1 1 3 1 1 1 1 0 1 0 1 1 1 1 1 1 0 0 1 0 1 1 3 
1 1 0 1 1 1 1 0 0 1 0 1 3 0 1 1 0 1 1 1 1 0 1 0 0 0 0 1 1 1 1 1 1 0 1 1 1 1 1 0 1 1 1 1 0 1 1 1 1 0 1 1 1 1 1 1 1 1 0 1 1 1 0 1 1 1 1 0 0 0 0 1 1 1 1 3 1 0 0 0 1 2 2 0 2 1 2 2 2 2 1 1 1 1 1 2 1 2 2 2 2 3 2 2 0 1 2 2 1 2 1 1 1 1 1 1 1 1 1 0 0 1 1 1 1 1 1 0 0 1 1 0 1 1 0 0 1 0 1 3 1 1 1 1 1 0 1 1 1 1 1 1 1 1 0 0 0 1 1 3 
1 1 1 1 1 2 2 1 0 0 1 2 3 0 2 1 2 1 1 1 1 1 1 1 1 1 1 1 0 1 0 1 0 0 0 1 1 1 1 1 1 1 1 1 1 1 1 1 1 1 1 1 1 1 0 0 1 1 0 1 0 1 1 0 1 1 1 1 1 1 0 1 1 0 1 3 1 1 1 1 0 2 2 1 2 1 1 2 2 1 2 2 0 2 2 2 0 2 1 0 2 4 4 3 4 3 4 4 3 3 3 3 3 3 3 3 3 3 3 3 3 3 1 1 1 0 1 1 1 1 1 1 1 1 1 1 0 1 1 3 0 1 1 1 1 0 1 1 1 0 0 1 1 1 1 0 0 1 1 3 
1 2 0 0 2 1 2 1 0 2 1 0 4 0 2 0 2 0 0 1 1 0 1 1 1 1 0 1 1 1 0 1 1 1 1 1 1 1 1 0 1 1 1 1 1 1 1 1 1 1 1 1 1 1 1 1 1 0 1 1 1 1 1 1 1 0 1 0 1 0 1 1 0 0 0 3 1 1 1 1 0 1 0 0 2 1 0 2 1 2 2 0 2 0 0 0 1 0 2 0 0 2 0 2 1 2 2 1 1 2 1 1 1 1 1 1 1 1 1 1 1 3 1 0 1 0 1 1 1 1 1 1 1 1 1 1 1 0 1 3 3 3 3 3 3 3 3 3 3 3 3 3 3 3 3 3 3 3 3 3 
2 1 1 2 0 2 1 1 2 2 1 1 3 2 2 0 0 1 1 1 1 1 1 1 0 1 1 1 0 0 1 1 1 1 1 1 1 1 0 0 0 1 0 1 0 1 1 0 0 1 0 1 1 1 1 1 0 1 0 1 1 1 1 1 1 1 1 0 1 0 0 1 1 1 1 3 1 1 1 1 2 2 0 0 1 2 1 1 1 1 0 1 1 2 2 1 2 2 2 0 2 0 2 1 2 2 1 2 1 2 2 0 1 1 1 1 1 1 1 1 1 3 1 1 1 0 1 1 1 1 1 1 1 1 1 1 0 0 0 1 0 0 1 1 0 1 1 1 1 1 1 1 1 1 0 0 1 1 0 1 
0 1 2 1 1 1 1 1 1 2 1 1 4 2 0 1 2 1 1 1 1 0 1 1 1 0 0 1 1 1 1 1 1 1 1 1 1 1 0 0 0 0 1 1 1 0 1 1 1 1 1 1 1 1 0 1 1 1 1 1 0 1 1 1 0 1 0 0 1 1 1 1 1 1 1 3 0 1 1 1 1 2 1 2 1 0 1 1 1 2 2 2 0 0 2 0 0 1 2 2 2 1 0 2 1 2 2 1 1 1 2 1 0 1 1 1 1 1 0 1 0 3 0 1 1 1 1 0 1 1 1 1 1 0 1 1 1 0 1 1 1 1 1 1 1 1 1 1 0 1 1 1 1 1 1 1 1 1 1 1 
2 1 0 2 1 0 1 1 0 2 0 1 3 1 2 0 1 0 1 1 1 0 1 1 1 1 1 1 0 1 1 1 1 1 1 1 1 1 1 1 1 1 1 0 0 0 1 1 1 0 0 1 1 1 1 1 1 1 1 1 1 1 0 1 1 1 1 1 0 1 1 1 1 1 0 3 1 1 1 1 0 2 2 0 0 0 2 0 1 2 0 2 2 1 0 2 0 2 2 0 2 2 0 1 2 2 0 2 2 1 2 1 1 1 1 1 1 0 1 1 1 3 1 1 1 1 1 1 1 1 0 1 1 1 1 1 1 1 1 0 0 0 0 0 1 0 0 1 1 1 1 1 0 1 1 1 1 0 1 0 
0 2 1 0 1 2 1 0 1 1 1 2 3 2 0 1 0 1 1 1 1 1 1 0 1 1 1 1 1 1 1 1 1 1 1 0 1 1 1 1 1 1 1 1 1 0 1 1 0 1 1 1 1 1 1 1 1 1 1 1 1 1 0 1 0 1 1 1 0 1 1 1 1 0 1 3 1 0 1 0 2 1 1 0 1 2 1 1 1 2 2 0 0 0 2 1 2 0 0 1 0 2 2 1 2 2 0 2 1 0 2 1 1 0 1 1 0 1 1 1 1 3 0 1 1 1 1 1 1 1 1 1 0 1 1 1 0 1 1 0 1 1 1 1 1 0 1 1 1 1 0 1 0 1 1 1 0 1 1 0 
1 2 0 2 2 2 2 2 1 1 2 1 4 2 2 0 1 1 1 1 0 1 1 1 1 1 1 1 1 0 1 0 0 1 0 1 1 0 1 1 1 1 1 1 1 1 1 0 1 1 1 1 1 1 1 1 0 1 0 1 1 1 1 1 1 1 1 1 1 1 1 1 0 1 1 3 1 1 0 1 0 1 1 1 2 2 1 2 2 1 2 2 1 1 1 2 1 1 1 1 1 2 2 1 1 1 1 2 1 1 0 0 0 0 1 1 1 1 1 1 1 3 1 1 0 0 1 0 1 1 1 1 1 1 1 1 1 1 1 1 1 0 0 1 1 0 1 1 1 1 0 0 1 1 1 0 1 1 1 1 
1 1 2 1 1 1 2 1 0 0 2 2 3 1 2 1 2 1 1 1 1 1 1 1 1 1 1 1 0 1 1 1 1 1 1 1 1 1 1 1 1 1 1 1 1 1 1 1 1 1 1 1 1 0 0 1 1 1 1 1 1 1 1 1 1 1 1 1 1 1 1 1 1 1 1 3 0 1 1 1 0 1 0 2 2 0 2 1 2 0 1 0 1 2 2 1 0 1 1 1 2 1 1 2 1 1 2 2 2 1 0 1 1 1 0 1 1 1 1 1 1 3 0 1 1 1 1 1 0 0 1 0 0 1 1 1 1 1 1 0 1 0 1 1 0 1 1 1 1 0 1 1 0 1 1 1 1 1 1 1 
2 0 0 2 0 1 2 2 1 2 2 0 4 1 1 2 2 1 1 0 1 0 1 0 0 1 1 1 1 1 1 1 1 1 1 1 1 1 1 1 1 1 1 1 1 0 0 1 1 0 0 1 1 1 1 1 0 0 0 0 1 1 1 1 1 1 0 1 1 1 1 1 1 1 1 3 1 1 1 1 1 2 1 1 2 0 1 1 1 1 1 0 0 0 2 0 1 0 1 1 2 0 2 2 1 0 2 2 1 2 1 1 1 1 1 1 1 1 1 1 1 3 1 1 1 1 1 1 1 1 0 1 1 1 1 1 0 1 1 1 1 1 0 0 0 0 1 1 1 1 1 1 1 1 1 0 1 1 0 1 
2 1 2 0 1 2 2 0 2 0 1 2 4 2 2 2 1 1 0 0 1 1 1 1 1 1 1 1 1 1 1 0 1 1 1 1 0 1 1 1 1 1 0 1 1 1 1 1 0 1 1 1 0 1 1 1 1 0 1 1 1 1 0 1 1 1 0 1 1 0 1 1 1 1 1 3 1 1 1 1 0 2 1 0 1 2 1 0 1 2 2 0 1 1 0 0 2 0 0 2 1 1 1 1 0 2 2 1 2 1 2 1 0 0 0 1 1 0 1 0 0 3 1 1 1 1 0 1 1 1 1 1 0 1 0 1 0 1 0 1 1 1 1 1 1 0 1 1 0 1 0 1 1 1 1 0 0 1 1 1 
0 2 1 2 1 0 2 1 1 2 0 2 3 1 2 1 1 1 1 1 1 1 0 1 1 1 1 1 1 1 1 1 1 1 1 1 0 1 0 1 1 0 1 1 0 0 0 1 1 1 1 1 1 0 0 1 1 1 1 1 1 1 1 1 0 1 1 1 1 1 0 1 1 1 1 3 1 1 1 1 1 2 0 1 2 2 1 1 1 1 0 1 0 1 2 2 1 2 2 2 1 2 2 2 1 1 2 1 2 0 2 0 1 0 0 1 1 1 1 1 1 3 0 1 1 1 1 0 1 1 1 1 1 0 1 1 1 1 1 1 1 1 1 1 1 0 1 1 1 1 1 1 1 1 0 1 1 1 1 1 
2 0 0 0 2 2 2 2 2 2 2 2 4 1 1 1 2 0 1 1 1 1 1 0 1 1 1 1 1 1 1 1 1 1 1 0 1 1 1 1 0 1 1 1 1 1 1 1 0 1 1 1 1 1 1 1 1 1 1 0 1 1 1 1 1 1 1 1 1 0 1 1 1 1 1 3 1 0 1 0 0 1 0 1 1 0 2 2 2 1 1 2 2 1 1 1 1 1 2 2 1 1 2 0 1 1 0 1 1 1 1 0 1 1 1 1 1 0 1 1 1 3 1 1 1 1 0 1 0 1 1 1 0 0 1 1 1 1 1 0 1 1 0 1 1 1 1 1 1 0 1 1 1 1 1 1 1 1 1 0 
1 0 1 2 2 1 2 0 2 2 2 1 4 2 1 0 2 0 1 1 0 0 0 1 1 1 1 1 1 1 1 1 1 1 1 0 1 0 1 1 1 1 1 1 0 0 1 1 1 0 1 1 1 1 1 1 1 1 1 1 1 1 1 1 1 1 1 1 1 1 1 1 0 1 0 3 1 0 1 0 1 1 0 1 1 1 1 2 0 2 1 2 2 2 2 2 2 2 1 2 0 1 1 1 2 1 1 2 2 1 0 1 1 1 1 1 1 0 1 1 1 3 1 0 0 1 0 0 1 1 1 1 0 0 1 1 1 1 1 1 1 1 1 0 1 0 1 1 1 1 1 1 0 1 1 1 1 1 1 1 
1 1 1 0 0 1 1 2 2 0 2 2 3 2 1 2 1 1 1 0 1 1 0 1 1 0 0 1 1 1 0 1 1 1 1 1 0 1 1 1 1 0 1 1 1 1 1 1 1 1 0 1 1 1 1 1 1 1 1 1 1 1 1 1 1 0 1 1 1 1 1 1 1 1 1 3 1 1 1 1 1 1 0 1 0 2 0 0 1 2 2 2 2 0 1 0 0 1 1 1 2 1 1 2 1 1 0 0 1 1 1 1 1 1 1 1 1 0 1 1 1 3 1 1 1 0 1 1 1 1 1 1 1 1 1 1 1 1 1 1 1 0 1 1 1 1 0 1 1 1 1 1 1 1 0 0 0 1 1 1 
1 1 0 2 1 1 0 0 1 1 2 1 4 1 0 1 2 1 1 0 1 1 0 1 1 1 1 1 1 0 1 1 1 1 1 0 1 1 0 1 0 1 1 1 1 1 1 0 1 0 1 0 0 0 1 0 0 1 1 1 0 0 1 1 1 1 1 1 1 1 0 1 1 1 0 3 1 1 1 1 1 2 0 2 2 0 1 1 1 1 2 2 2 1 0 1 1 2 0 1 1 1 0 1 1 2 2 0 1 1 1 1 1 1 1 1 1 1 1 0 1 3 0 1 0 1 0 1 1 1 1 1 1 1 1 1 1 1 1 1 1 1 1 0 1 1 1 1 0 1 1 1 1 1 1 1 1 1 1 1 
1 0 1 2 2 1 2 1 1 1 2 0 4 1 2 1 2 1 1 0 0 1 1 1 1 1 0 1 0 1 1 1 1 0 1 1 1 0 1 1 0 0 1 0 1 0 1 1 1 1 1 1 1 1 0 1 1 1 0 1 1 1 1 1 1 1 0 1 1 1 1 1 1 0 0 3 1 0 1 0 1 0 0 2 2 1 2 2 2 1 0 1 2 1 2 1 1 1 1 1 1 2 2 1 1 0 2 1 0 0 1 1 1 1 1 1 1 1 1 1 0 3 0 1 0 0 1 1 0 1 1 1 1 0 1 1 1 1 1 1 1 0 1 1 1 1 0 0 1 1 0 1 0 1 1 1 1 0 1 1 
2 1 1 0 0 1 2 1 2 1 1 2 3 0 0 1 1 1 1 0 1 1 1 1 1 1 1 1 1 1 1 0 1 0 1 1 1 0 1 1 1 1 1 1 1 0 1 1 1 1 0 1 0 1 0 0 1 1 1 1 1 1 1 0 1 0 0 1 1 1 0 1 0 1 0 3 0 1 1 1 1 1 2 1 1 1 1 0 1 2 2 1 2 2 2 1 1 1 0 2 0 1 1 1 1 0 2 1 2 0 2 0 1 1 0 0 1 1 1 1 1 3 0 1 0 1 1 0 1 1 1 1 1 1 1 1 1 1 1 1 1 1 1 0 1 0 1 1 1 1 1 1 1 0 1 1 0 1 1 1 
0 0 1 1 2 1 0 1 2 2 2 1 4 1 1 2 2 1 1 1 1 1 1 1 1 0 1 0 1 1 1 1 1 1 1 1 1 1 1 1 0 1 1 0 0 1 1 1 1 1 1 1 0 0 1 1 1 1 1 1 1 1 0 1 1 0 1 1 1 1 1 0 1 1 1 3 1 1 1 1 0 2 1 1 1 2 1 2 0 1 1 0 0 0 2 1 0 1 1 2 2 2 2 1 2 0 0 1 1 0 2 1 0 1 1 1 0 1 1 1 1 3 1 0 1 1 1 1 0 1 1 1 1 1 1 1 1 1 1 1 1 0 0 0 1 1 1 1 0 1 0 1 1 1 1 1 1 1 1 1 
1 1 2 1 0 1 1 1 2 1 2 0 3 1 2 2 0 1 1 1 1 1 1 1 1 1 1 1 1 1 1 1 1 1 1 1 1 0 0 0 1 1 0 1 1 1 0 0 0 1 1 0 1 1 1 1 0 1 0 1 0 1 1 1 1 1 1 1 1 1 1 1 0 1 1 3 0 1 0 1 2 2 1 2 1 2 1 2 0 2 2 1 2 1 1 1 1 2 0 2 1 0 0 2 1 1 1 1 2 2 1 1 0 1 0 1 1 0 1 0 1 3 1 1 0 1 1 1 1 1 1 1 1 0 0 1 0 1 1 1 1 1 1 1 1 1 0 0 1 1 0 1 1 1 1 1 1 1 1 1 
1 0 1 1 1 2 1 1 2 0 2 2 4 2 0 0 0 1 1 1 1 1 0 0 1 0 1 0 1 1 1 0 1 1 1 1 1 0 1 1 1 1 0 1 1 0 1 1 1 1 1 1 1 1 1 0 0 1 0 1 0 0 1 1 1 1 1 1 1 1 1 1 1 1 1 3 1 0 0 1 1 2 1 0 2 2 1 1 1 0 2 1 1 2 1 1 1 0 2 2 1 2 2 1 1 2 0 1 2 0 1 1 1 1 1 1 1 1 1 1 1 3 1 1 1 1 1 1 1 1 1 1 0 1 0 1 1 1 0 1 1 0 1 1 0 1 1 1 0 0 1 1 1 1 1 1 1 1 0 1 
1 2 2 2 2 1 1 2 1 1 1 0 4 2 0 0 0 1 1 1 1 1 1 1 1 1 1 1 0 1 1 0 1 1 1 1 1 1 1 1 1 0 1 1 1 0 1 1 1 1 1 0 0 0 1 1 1 1 0 1 1 1 1 1 1 1 0 1 1 1 0 1 0 0 1 3 1 1 1 1 0 0 1 2 0 1 1 2 2 2 0 2 1 2 1 2 1 1 2 0 1 0 2 1 1 1 0 0 1 0 1 1 1 1 1 1 1 1 0 1 1 3 1 1 1 1 1 1 1 1 1 0 1 1 1 1 0 1 1 1 0 1 1 0 1 1 1 1 1 1 1 1 0 1 1 1 1 1 1 1 
