101 7
105 141
Hard Terrain: (19, 11)
Hard Terrain: (74, 45)
Hard Terrain: (27, 126)
Hard Terrain: (97, 157)
Hard Terrain: (84, 85)
Hard Terrain: (58, 130)
Hard Terrain: (12, 10)
Hard Terrain: (28, 74)
2 1 1 2 0 1 2 1 2 2 2 0 1 1 0 1 1 1 1 2 1 2 2 1 2 0 0 1 1 0 0 1 1 1 1 1 0 1 1 1 3 0 1 0 1 1 1 1 1 1 1 1 0 1 0 1 0 0 1 1 1 1 1 1 1 0 1 1 1 1 0 1 3 1 1 1 1 1 1 1 1 1 1 1 0 0 1 1 0 0 1 1 1 0 1 0 1 1 0 3 1 1 0 1 1 1 1 0 1 1 1 1 1 1 1 1 1 1 1 1 0 1 1 1 1 1 1 0 1 1 0 1 1 1 1 0 1 0 1 1 1 1 1 0 0 1 0 0 0 0 1 1 1 0 1 1 1 1 0 1 
1 0 2 0 2 2 2 1 2 1 0 2 1 2 0 0 1 0 2 0 1 1 2 2 2 0 1 1 0 0 1 1 1 1 0 1 1 1 0 1 3 1 0 1 1 0 1 0 1 1 1 1 1 1 1 1 1 1 1 0 1 0 0 1 1 0 0 1 1 1 1 1 3 1 1 1 0 1 0 1 1 1 1 1 1 1 1 0 1 1 1 1 1 1 1 1 0 1 1 3 1 1 1 1 1 1 1 1 1 1 1 1 0 0 0 1 1 1 1 0 1 1 1 1 1 1 1 1 1 0 1 1 1 0 0 1 1 1 0 1 1 1 1 1 1 1 1 1 0 1 1 0 1 1 1 1 1 1 1 0 
2 2 2 2 1 1 2 1 2 2 2 1 0 0 2 2 0 2 1 2 2 2 2 0 2 1 1 1 1 1 1 1 1 1 1 1 0 0 1 1 3 1 1 1 1 1 0 1 1 1 1 1 1 0 1 1 0 1 1 1 0 1 0 1 1 1 0 1 1 1 0 1 3 0 1 1 0 1 1 1 1 0 0 1 0 1 0 1 1 1 1 1 1 1 0 1 1 1 1 3 0 1 1 1 1 1 1 1 0 0 1 0 0 1 1 1 0 0 1 1 1 0 0 1 0 1 1 0 1 1 1 1 0 1 1 1 1 1 1 0 1 1 1 1 1 0 1 1 0 1 0 1 1 1 1 1 1 1 0 1 
1 0 1 2 1 1 1 0 2 1 2 2 0 2 2 1 2 0 1 0 2 1 1 1 0 2 1 1 0 0 1 1 1 1 1 1 1 1 1 0 3 1 1 1 1 1 1 0 1 0 1 1 1 1 1 1 1 1 1 1 1 1 1 1 1 1 1 0 0 1 1 1 3 1 1 1 1 1 1 1 0 1 0 1 1 0 0 1 1 1 1 1 0 1 1 0 1 0 0 3 0 1 1 1 1 1 1 0 1 1 1 1 1 1 1 1 1 1 0 0 1 1 1 0 0 1 1 1 1 1 1 0 1 0 0 0 1 0 1 1 1 1 1 1 1 1 0 1 1 0 1 0 0 1 0 1 1 1 1 1 
2 2 0 2 1 2 2 2 2 2 1 2 2 1 1 2 2 2 2 1 2 0 1 2 2 1 1 1 1 1 0 1 1 1 1 1 1 0 1 0 3 1 1 0 0 0 1 1 1 1 1 1 1 1 1 1 0 1 1 1 1 0 1 1 1 1 1 1 1 1 1 1 3 0 1 1 1 1 1 1 1 1 1 1 1 1 0 1 1 1 1 1 1 1 1 0 0 1 1 3 1 1 1 0 1 1 1 0 0 0 1 1 1 1 1 1 1 1 1 0 1 0 1 0 1 1 1 1 1 0 0 1 1 1 1 0 1 1 1 1 1 1 1 1 1 0 1 1 1 1 1 1 0 0 1 1 1 1 1 1 
1 2 2 2 2 2 1 2 2 0 2 1 2 1 2 1 1 2 1 2 2 2 0 2 2 2 2 1 1 0 1 0 1 1 1 0 1 1 1 0 3 1 1 1 1 1 1 1 1 1 1 1 1 0 1 0 1 1 1 1 0 1 1 1 1 1 1 1 1 1 1 1 3 1 0 0 1 1 0 1 1 1 1 1 0 1 0 1 1 1 1 1 1 0 1 1 0 1 1 3 1 1 1 1 1 0 0 1 1 0 1 1 1 1 1 0 0 1 0 0 0 1 0 1 0 1 1 0 1 1 1 1 1 0 1 1 1 0 1 1 1 1 1 1 1 1 1 1 1 1 1 1 1 1 1 1 1 1 0 1 
2 2 0 1 0 1 2 2 2 0 2 1 2 1 1 2 2 0 0 1 1 2 2 2 2 2 2 1 1 1 1 1 1 1 1 1 1 1 1 0 3 1 1 0 1 1 1 1 1 1 0 1 1 1 1 1 1 1 1 0 1 0 0 0 1 1 0 1 0 1 1 1 3 1 0 1 0 1 1 1 1 1 1 1 1 1 1 1 1 0 1 0 1 1 0 1 0 1 1 3 1 1 1 1 1 1 1 1 1 1 1 1 1 1 1 1 1 1 0 1 1 1 1 1 1 1 1 1 1 0 1 1 1 0 1 1 1 1 1 1 1 0 1 1 1 1 1 1 1 1 1 0 1 0 1 1 1 1 1 0 
2 1 2 2 2 2 2 1 2 2 2 1 0 2 2 2 2 2 2 0 2 2 0 2 2 1 2 1 1 1 1 1 0 0 1 0 0 0 0 0 3 1 1 1 0 1 0 1 1 1 1 1 1 1 0 1 1 1 1 1 1 0 1 0 1 0 1 1 0 1 0 0 3 0 1 1 1 1 1 1 0 0 0 1 1 1 1 0 1 1 1 1 1 1 1 0 1 0 1 3 1 0 0 1 1 0 1 1 1 1 1 0 1 1 1 1 1 1 1 1 1 1 0 1 1 1 0 1 1 1 1 1 0 1 1 1 1 0 1 1 1 1 1 1 1 1 0 1 1 1 1 0 1 1 1 0 1 1 0 0 
2 1 2 2 0 2 2 2 2 0 1 2 2 0 2 2 2 2 0 2 2 1 2 2 2 1 1 1 1 1 0 1 1 1 1 1 1 1 1 0 3 1 0 1 1 1 1 0 1 1 0 1 1 1 1 1 0 1 1 0 1 1 1 1 1 1 1 0 1 1 1 0 3 1 1 1 1 1 1 1 1 1 1 1 1 1 1 1 1 1 1 1 0 1 1 1 1 1 1 3 1 1 1 0 1 0 1 1 1 1 1 1 1 1 1 1 1 0 0 0 1 1 0 0 1 1 1 0 1 1 1 0 1 1 1 0 0 1 0 1 1 0 0 1 0 1 1 1 0 1 1 1 1 1 0 1 1 0 0 1 
2 2 1 1 0 1 2 1 2 1 2 2 2 2 0 0 0 2 0 0 1 2 2 2 1 1 1 1 1 1 1 1 1 1 1 0 1 1 1 1 3 1 1 1 1 1 0 1 1 0 1 1 1 1 1 1 1 1 1 1 0 1 1 1 1 1 0 1 1 1 0 1 3 1 1 0 1 0 0 1 1 1 0 1 1 1 1 0 1 1 1 1 0 1 1 1 0 1 1 3 1 1 0 1 1 1 0 1 1 1 1 1 1 1 1 1 1 0 0 1 1 1 1 1 1 1 0 1 1 0 1 1 1 1 0 1 1 1 1 1 1 1 1 1 1 0 1 1 1 1 1 1 0 1 1 1 1 0 1 1 
2 2 2 2 2 2 1 2 2 2 1 2 1 2 2 2 1 2 2 2 2 1 2 1 2 2 2 0 1 1 1 0 1 1 1 1 0 1 1 1 3 1 1 1 1 1 1 0 1 1 1 1 1 1 1 0 1 1 1 0 1 1 1 1 1 1 0 0 1 1 1 1 3 1 1 1 1 0 1 1 0 1 1 0 1 1 1 0 0 0 1 1 1 1 0 1 0 1 1 3 0 1 0 1 1 1 1 1 1 1 0 0 1 1 1 1 1 1 0 0 1 1 1 1 1 0 1 1 1 1 1 1 1 1 1 1 0 1 1 0 1 1 1 1 1 1 0 1 1 1 1 1 1 1 1 1 1 1 1 1 
2 2 2 2 2 2 1 2 2 2 0 1 1 1 2 2 0 1 2 2 1 2 2 2 2 2 1 1 1 1 1 1 0 1 1 1 1 1 0 1 3 1 0 1 1 1 1 1 1 1 1 1 1 1 1 1 1 1 1 1 1 1 1 0 0 1 1 1 1 1 1 1 3 0 0 1 1 1 1 1 1 0 1 1 0 1 1 1 1 1 0 1 1 1 1 0 1 1 1 3 1 1 0 0 1 1 1 1 0 1 0 1 1 1 1 1 1 1 1 0 1 0 1 1 1 1 1 1 1 1 1 1 1 1 1 1 0 0 1 1 1 1 1 1 1 0 1 1 1 0 0 1 0 1 1 1 1 1 1 1 
2 2 2 1 0 1 2 1 0 1 2 0 2 0 0 2 2 0 1 2 1 2 2 2 1 2 0 1 1 0 1 1 1 1 1 1 1 1 1 1 3 1 1 1 1 1 0 0 1 1 0 0 1 1 1 1 1 0 0 1 0 1 1 1 1 1 1 1 1 1 1 1 3 1 1 0 1 1 1 1 1 1 1 1 1 1 1 1 0 0 1 1 0 1 1 0 0 1 1 3 1 1 0 1 1 1 0 0 1 1 0 0 2 2 1 2 1 0 1 1 2 2 2 2 2 1 1 2 1 1 2 1 2 1 1 2 1 1 2 1 0 2 1 1 1 1 1 1 1 1 1 1 1 1 1 1 1 1 1 0 
1 0 2 2 0 1 2 2 0 0 2 2 1 1 2 1 1 2 2 2 2 2 2 2 2 2 2 1 1 1 1 1 1 1 1 1 0 1 0 0 3 0 1 1 1 1 1 1 1 1 1 0 1 0 1 1 1 0 0 1 0 2 0 0 1 2 2 1 2 2 2 1 4 1 1 2 1 1 1 1 2 2 2 2 1 1 1 0 2 2 1 1 0 1 0 1 1 1 1 3 1 1 1 1 1 1 0 0 1 0 1 0 2 0 2 1 2 2 2 2 2 1 1 0 2 0 0 1 0 2 1 1 1 2 1 1 2 2 0 0 1 1 1 1 1 1 0 1 1 0 1 0 1 1 1 1 1 0 1 1 
2 2 2 2 2 2 0 2 2 1 2 2 0 2 1 2 1 2 1 0 2 1 0 2 2 0 1 0 1 1 1 1 1 1 1 1 1 1 0 1 3 0 1 1 0 0 1 1 1 1 1 1 1 1 1 1 1 1 1 1 1 1 1 1 1 2 1 2 1 2 1 0 3 2 1 2 2 0 0 0 2 0 2 1 1 2 2 0 1 2 1 0 1 1 0 1 1 1 0 3 1 1 1 0 1 1 1 1 1 0 1 1 1 1 2 2 0 1 1 1 2 1 0 0 2 1 0 0 2 1 1 2 0 0 2 2 2 2 0 0 2 0 1 1 1 0 1 1 1 1 0 1 1 1 1 1 1 1 0 0 
2 1 1 2 2 2 2 2 2 1 2 2 2 2 2 2 1 1 2 1 2 2 2 0 2 2 0 1 1 0 0 1 1 1 1 1 1 1 1 1 3 1 1 1 0 1 0 1 1 0 1 0 1 1 1 1 1 1 0 2 2 2 1 1 1 1 2 2 1 0 2 2 3 0 1 2 1 0 1 1 1 1 2 1 1 2 1 1 1 2 1 1 1 1 1 1 0 1 1 3 1 1 1 0 1 1 1 1 0 1 1 1 2 2 1 0 0 0 2 2 1 2 1 1 0 1 2 1 2 0 0 0 0 2 1 1 2 2 1 1 0 0 0 1 1 1 1 1 1 1 1 0 0 1 0 0 1 0 0 1 
0 0 2 2 2 1 0 2 2 2 1 2 0 2 2 2 0 1 1 2 1 2 2 2 2 2 0 0 1 0 1 1 1 0 1 1 1 0 1 1 3 1 1 1 1 1 1 0 1 1 1 1 1 1 1 1 1 1 1 1 2 1 1 2 2 1 1 2 2 2 1 2 3 2 2 0 0 2 1 1 2 2 1 1 2 1 2 1 0 0 0 1 1 1 1 1 1 1 1 3 1 1 1 1 1 1 1 1 1 1 1 2 1 0 1 2 1 2 2 2 1 0 1 2 0 2 0 0 1 1 0 2 0 2 2 1 1 2 1 1 2 2 1 0 0 1 1 1 1 0 0 1 1 1 1 0 1 1 0 0 
2 2 2 0 0 0 2 2 2 2 2 2 2 0 0 0 2 2 0 2 2 1 2 0 0 2 1 0 0 0 1 0 1 1 1 1 1 0 0 1 3 1 1 1 1 1 1 1 1 1 1 1 1 1 1 0 1 0 1 1 1 0 1 1 1 1 2 1 2 1 2 2 4 0 1 1 0 1 1 0 1 2 1 1 1 2 0 2 2 1 1 1 1 1 1 1 1 1 1 3 1 1 1 1 1 1 0 1 1 1 1 0 1 0 1 1 0 2 1 1 0 2 2 0 2 2 1 1 0 1 1 0 2 1 2 1 2 1 2 2 1 1 0 1 1 1 1 1 1 1 0 0 1 0 1 1 1 1 0 1 
2 2 2 2 0 2 0 2 2 2 2 2 1 2 2 0 0 2 1 0 2 2 1 2 2 1 0 1 1 1 1 1 1 1 1 1 1 1 1 1 3 1 1 1 0 0 1 1 0 1 1 0 1 1 0 1 1 1 1 2 2 2 1 0 2 0 2 1 1 2 2 1 3 0 1 0 2 0 2 0 2 1 0 1 1 1 1 2 0 1 1 1 1 1 1 1 1 1 1 3 1 1 1 1 1 1 1 1 0 1 0 0 0 0 2 1 2 1 1 0 0 1 0 2 2 0 1 2 0 1 1 2 2 2 1 1 1 0 2 2 0 0 1 1 1 1 1 1 0 1 0 1 1 1 1 1 1 0 1 1 
2 2 2 2 2 2 0 0 2 1 2 0 2 0 2 2 2 2 2 1 2 0 2 2 1 2 1 0 0 1 1 0 1 1 0 1 1 1 1 1 3 1 0 1 1 1 1 1 1 1 0 1 0 1 1 1 0 0 1 2 1 2 1 1 1 2 2 2 2 2 0 1 4 0 2 0 1 1 1 2 2 2 2 2 2 0 0 0 1 0 1 1 1 1 1 1 1 1 1 3 0 1 0 1 1 1 1 1 1 1 1 0 2 1 0 2 1 1 2 1 1 1 1 2 1 2 1 1 2 2 1 1 0 0 2 2 2 1 1 1 2 1 1 0 1 1 0 0 1 1 1 0 1 1 1 1 1 1 1 1 
2 0 0 1 2 2 2 1 2 2 2 2 2 2 2 1 2 2 0 0 1 2 1 2 2 2 2 1 1 1 1 0 1 0 0 1 0 1 1 1 3 1 1 1 1 1 1 1 1 0 1 1 0 0 1 1 0 1 1 0 2 2 0 0 1 1 1 1 0 1 1 2 4 2 1 2 0 1 2 2 2 1 2 2 2 2 2 2 2 1 1 1 1 1 1 1 0 0 1 3 1 1 1 0 0 1 0 1 1 1 1 2 1 1 2 2 2 1 1 2 2 0 2 2 1 0 1 2 2 2 2 1 1 1 1 0 0 2 0 2 0 2 1 1 1 1 1 1 1 1 1 0 1 1 1 1 0 1 1 1 
2 0 2 2 1 2 0 2 1 0 2 1 1 2 1 0 1 2 2 2 2 1 2 2 2 2 0 0 0 1 1 1 0 1 0 1 1 1 0 1 3 1 1 1 1 1 1 1 1 0 1 1 0 1 1 0 1 1 1 0 1 1 1 2 0 2 0 0 1 2 1 2 3 1 2 1 2 2 2 1 2 2 2 2 2 2 2 1 2 1 1 1 1 1 1 1 1 0 1 3 1 1 1 1 1 1 1 1 1 1 1 1 2 1 2 2 1 2 1 0 1 2 2 2 0 0 0 1 1 2 0 1 1 2 0 2 2 2 1 1 0 1 0 1 1 1 1 1 1 1 1 0 1 0 1 0 1 1 1 1 
2 2 1 0 1 1 0 2 2 2 0 1 1 2 1 2 2 2 2 0 2 2 2 0 0 1 1 1 0 1 1 1 1 0 1 1 1 1 1 0 3 1 1 1 1 0 1 1 1 0 0 1 1 1 1 1 1 0 1 1 2 2 1 2 2 1 0 0 2 1 2 2 4 1 2 1 1 1 2 1 2 0 1 1 0 1 1 1 2 1 1 1 1 1 1 0 1 0 1 3 1 0 1 1 1 1 1 1 0 1 1 2 2 2 2 1 2 2 2 1 1 1 2 1 1 0 1 1 0 2 2 2 1 2 2 1 1 0 1 2 2 2 1 1 1 1 1 0 1 0 1 1 1 0 0 1 1 1 0 0 
2 2 1 2 2 0 2 2 2 1 2 1 2 0 2 2 2 2 1 1 2 2 0 1 2 0 1 1 1 1 1 1 1 1 0 1 1 1 1 1 3 1 1 1 0 1 0 0 0 0 1 1 0 1 1 1 1 0 1 1 1 2 2 2 0 1 1 2 2 1 2 2 3 0 2 2 1 1 2 0 0 2 0 2 0 0 0 2 0 1 1 1 1 1 1 1 1 0 1 3 1 1 1 1 1 1 1 1 1 1 1 1 1 1 1 0 2 2 2 1 2 1 1 1 1 1 1 1 1 2 2 1 2 2 2 2 1 2 2 1 2 2 1 1 1 1 1 1 1 1 1 1 1 1 1 1 1 0 0 1 
2 2 2 2 2 2 2 1 0 1 2 0 2 0 2 2 0 2 0 1 1 1 1 2 0 2 0 1 1 1 1 1 1 1 1 0 1 1 1 0 3 1 1 0 1 1 1 1 1 1 1 0 1 1 1 1 0 1 0 2 0 1 1 2 2 1 0 1 1 1 2 1 4 0 2 2 1 0 1 2 2 2 0 2 2 2 1 1 1 2 1 1 1 1 1 1 1 1 1 3 1 1 0 1 0 0 1 0 1 1 1 1 1 2 1 2 1 2 2 0 1 0 0 1 1 0 1 1 0 0 1 1 2 2 0 0 1 2 1 2 1 1 1 1 1 1 1 1 0 1 1 0 1 1 0 1 0 1 1 1 
2 2 2 1 2 2 2 2 2 0 1 1 0 2 2 2 2 2 0 2 1 2 0 2 0 0 1 1 1 1 1 0 1 0 1 1 1 1 1 1 3 1 1 1 1 1 1 0 1 1 1 1 1 0 1 1 0 1 1 2 1 1 0 2 2 2 2 1 2 0 0 1 3 1 0 1 1 1 1 1 0 1 1 1 1 1 1 2 0 1 1 1 1 0 1 1 1 1 1 3 1 1 0 1 1 1 1 1 0 1 1 2 0 1 2 1 2 2 0 2 1 2 1 2 1 2 1 2 0 2 2 2 1 2 0 0 1 0 2 2 1 1 1 1 1 1 1 1 0 0 1 0 1 1 1 0 1 0 1 1 
0 2 2 0 1 0 0 0 2 0 2 2 1 2 0 2 0 2 2 2 2 2 2 2 2 2 0 1 1 0 1 1 1 1 1 1 1 0 0 1 3 1 1 1 1 1 1 1 0 1 0 1 1 1 0 1 0 0 1 2 2 2 2 1 2 1 1 2 1 2 0 1 4 1 0 1 2 2 1 2 1 2 2 2 1 0 2 1 1 2 1 1 1 0 1 1 1 1 1 3 1 1 0 0 1 1 1 1 1 1 1 1 2 2 1 1 1 2 2 2 1 1 2 1 1 0 2 0 2 1 1 1 1 0 1 2 0 1 1 2 0 0 1 0 1 1 1 1 1 1 1 0 1 1 1 1 1 0 1 1 
2 2 2 2 1 2 0 1 1 1 2 0 2 2 2 2 2 2 1 0 1 2 1 1 0 2 1 1 1 0 1 1 1 1 0 0 1 1 1 1 3 0 0 1 1 1 0 1 1 1 1 1 1 1 1 1 0 0 1 0 2 1 1 1 0 1 2 1 1 1 2 2 3 1 2 2 1 0 2 0 2 0 0 2 2 1 1 0 2 0 1 1 1 1 1 1 1 1 1 3 1 1 1 1 1 1 1 1 0 1 1 2 1 1 0 2 1 2 0 2 0 1 1 2 2 1 1 2 2 2 2 1 2 0 2 0 1 2 0 2 2 2 0 1 1 0 1 1 1 1 1 1 1 1 1 1 0 1 1 0 
2 1 0 2 2 2 0 1 1 1 2 1 1 2 0 0 1 0 1 1 1 1 1 0 2 1 2 1 1 1 1 1 1 1 1 1 0 0 1 1 3 1 1 1 1 1 0 0 1 1 0 1 1 0 1 1 1 1 1 2 1 2 1 1 1 0 1 1 1 1 2 0 3 1 2 0 1 1 1 2 1 1 1 1 0 2 2 1 2 0 1 1 1 1 1 1 1 1 1 3 1 1 1 1 1 1 1 1 1 1 1 0 1 1 2 0 1 1 0 0 1 1 0 2 1 2 1 1 1 0 1 0 2 2 1 1 2 0 2 1 1 2 1 1 1 1 1 1 1 0 1 1 0 1 1 1 1 1 1 1 
1 2 1 1 1 2 1 1 1 0 0 2 0 1 2 0 2 2 1 2 1 0 2 0 2 0 1 1 0 1 1 1 1 0 0 1 0 1 1 0 3 1 1 1 1 1 1 0 1 0 1 1 1 1 1 1 1 1 1 2 2 2 1 2 0 0 2 2 1 1 2 1 4 1 0 1 2 1 2 2 1 2 2 1 2 1 2 2 2 2 0 1 1 0 1 1 0 1 1 3 1 0 0 1 0 0 1 1 1 1 0 0 1 1 1 1 1 0 2 2 1 1 2 0 2 1 0 1 0 2 2 2 1 1 0 1 2 2 2 0 2 1 1 1 1 1 1 1 1 1 0 1 1 1 1 1 1 1 1 0 
1 2 2 0 0 2 2 2 1 0 0 0 1 1 1 1 1 1 1 2 1 1 0 2 2 1 2 1 1 0 0 1 1 1 1 1 1 1 1 1 3 1 1 1 0 0 1 1 1 1 1 1 1 1 1 0 1 1 1 2 0 0 1 1 1 2 1 1 1 1 2 1 4 1 1 1 2 0 2 1 1 2 1 0 2 2 1 1 0 2 1 1 1 1 1 1 1 0 1 3 1 1 1 1 0 1 1 1 1 1 0 1 2 0 2 1 0 1 1 2 0 2 2 1 2 1 2 2 1 0 1 2 0 1 0 0 0 2 1 1 1 0 0 0 1 1 1 1 1 1 1 0 1 1 1 1 1 1 1 1 
2 0 1 1 1 2 2 1 2 2 2 1 2 1 1 2 1 0 1 1 2 2 0 1 2 2 0 0 1 1 0 1 1 0 1 1 0 1 0 1 3 0 1 0 1 0 1 1 0 1 1 0 1 1 0 1 1 0 0 1 2 0 0 1 1 1 1 2 1 2 2 1 4 1 1 2 1 2 2 0 1 2 1 0 2 2 2 1 1 2 1 1 1 1 1 1 1 1 1 3 1 1 1 1 1 1 1 1 0 1 1 2 1 0 1 2 1 1 1 2 1 1 2 0 0 0 1 1 0 2 1 1 2 1 2 2 1 1 1 1 1 2 1 1 1 1 1 1 1 1 1 1 1 0 1 0 1 1 1 1 
1 1 1 0 2 1 2 1 0 1 2 2 2 2 2 0 1 1 1 0 1 1 0 0 1 0 0 1 1 1 1 0 0 1 1 1 1 1 1 1 3 1 0 0 1 1 1 0 1 1 1 1 1 1 0 1 1 1 1 2 0 0 0 1 2 2 2 1 0 1 1 1 3 0 2 0 2 0 0 1 2 2 2 1 1 1 0 2 2 1 1 1 1 1 0 1 1 1 1 3 1 1 1 1 1 1 1 1 1 0 1 1 1 1 2 0 0 1 1 2 2 1 2 2 1 1 2 2 1 0 1 2 1 0 1 2 1 1 1 2 1 0 0 1 0 1 1 1 1 1 1 1 0 1 1 0 1 1 1 0 
2 1 1 1 1 1 1 0 2 1 1 2 1 2 2 0 1 2 2 1 1 1 0 2 1 1 0 0 1 1 1 1 1 1 1 1 0 1 1 1 3 1 1 0 1 1 1 0 0 1 1 1 1 0 1 0 1 1 1 1 2 2 1 1 2 2 2 1 2 1 1 1 3 1 2 2 2 2 2 2 1 2 1 2 1 1 2 1 1 1 1 1 0 1 1 1 0 0 1 3 1 0 0 0 0 1 0 0 1 1 0 0 2 1 2 2 1 2 2 1 1 2 0 2 1 0 1 2 2 0 2 2 2 1 1 0 0 2 1 1 1 0 0 0 0 0 1 1 1 1 1 1 1 1 1 0 0 1 1 1 
1 1 2 1 0 0 1 0 1 1 1 1 1 1 2 0 1 0 0 0 2 1 2 1 1 2 0 1 0 1 1 1 1 1 1 1 1 1 1 1 3 1 1 1 1 0 1 1 1 1 1 1 0 0 1 0 0 0 1 2 2 2 0 1 2 1 1 1 0 1 2 2 3 2 1 1 2 1 2 2 1 1 1 2 1 0 0 1 0 1 0 1 1 1 1 1 1 1 1 3 1 1 0 1 1 1 0 1 1 1 1 1 2 1 1 0 1 1 2 1 1 1 0 1 1 2 0 1 2 1 0 2 1 2 1 0 1 1 0 1 2 2 1 1 1 0 0 1 1 1 0 1 1 1 1 1 1 1 1 0 
1 1 1 1 0 0 0 0 1 1 0 1 1 1 1 1 0 0 1 1 1 1 0 1 1 1 0 1 0 1 1 1 1 1 1 1 1 1 1 1 3 1 1 1 1 1 1 1 1 1 1 1 1 1 1 0 1 0 0 0 1 1 2 1 2 1 1 1 1 2 1 1 3 1 2 2 0 2 2 1 1 0 1 1 2 1 2 1 2 1 1 1 1 1 1 0 0 0 1 3 1 1 1 1 0 0 1 1 1 0 1 1 1 2 1 1 0 0 0 0 1 1 2 2 1 0 2 0 2 2 2 0 1 2 0 0 2 1 0 1 1 0 0 1 0 1 1 1 1 1 1 1 1 0 1 1 1 0 0 1 
0 0 0 1 1 1 0 0 0 1 1 1 1 1 1 0 0 1 1 1 1 1 0 1 0 1 1 1 0 1 1 1 1 1 1 0 0 1 0 0 3 1 1 1 1 0 1 1 1 1 0 0 0 1 1 1 1 1 0 2 2 1 1 1 0 1 1 1 0 1 2 2 4 0 1 2 2 2 1 2 1 2 2 2 0 1 2 1 2 2 1 1 1 1 1 1 1 1 0 3 1 1 1 1 1 1 1 1 1 1 0 1 0 2 1 0 0 2 1 1 2 2 1 2 1 0 1 2 2 1 2 0 2 1 0 1 0 2 1 0 2 0 1 1 1 1 0 0 1 1 1 1 1 1 1 1 0 1 1 1 
1 1 1 1 0 1 0 1 1 1 1 1 1 1 1 1 1 1 1 0 1 1 1 1 1 1 0 1 1 1 1 1 1 1 1 1 1 1 1 1 3 1 1 1 0 1 0 1 1 1 0 1 1 1 0 1 1 1 1 1 2 2 1 0 0 1 1 2 0 2 1 0 4 2 2 1 1 1 2 1 2 0 1 1 2 2 2 1 1 1 1 1 1 1 1 1 0 1 0 3 1 1 1 1 1 1 1 1 1 1 1 0 2 1 1 1 1 0 1 2 1 2 2 0 0 2 2 0 1 2 2 2 0 1 0 1 1 2 2 0 2 2 0 1 0 1 1 1 1 0 1 1 0 1 1 1 0 1 1 1 
1 0 1 1 1 1 1 1 1 1 0 1 1 1 1 0 1 1 1 1 1 1 1 1 0 1 0 1 0 1 1 1 1 1 1 1 0 0 1 1 3 1 1 1 0 1 0 1 0 1 0 1 1 1 0 1 1 1 1 0 2 1 1 2 2 1 1 0 1 2 2 1 3 2 1 2 1 1 1 1 0 2 2 0 0 0 0 1 2 0 1 1 1 1 1 1 1 1 1 3 1 1 0 1 1 0 1 0 1 1 1 1 1 0 1 1 1 0 1 2 0 1 1 1 0 2 2 1 1 2 2 1 1 2 0 1 1 2 0 1 0 0 1 1 0 1 1 1 0 0 1 1 1 0 1 1 1 1 1 1 
1 1 1 1 1 1 0 1 1 0 1 1 1 1 1 1 1 0 1 1 1 1 1 1 1 1 1 1 1 1 1 1 1 1 1 1 1 0 1 1 3 0 1 1 1 1 0 0 1 0 1 1 1 1 0 1 1 1 1 0 1 0 1 0 1 1 2 1 1 0 1 1 3 0 2 0 1 0 1 1 1 2 1 2 1 2 2 1 2 1 1 1 1 1 1 1 1 1 1 3 0 0 1 1 1 1 0 1 1 1 1 1 2 1 2 2 2 0 2 1 2 2 0 0 2 2 0 1 1 2 2 2 1 0 1 0 1 1 2 1 2 2 1 1 1 1 1 1 1 1 1 1 1 1 1 1 1 1 1 1 
1 1 1 1 1 1 1 0 1 0 0 1 1 1 1 1 1 1 0 1 1 1 0 0 1 0 1 1 1 1 0 1 0 1 1 1 1 1 1 1 3 1 1 1 1 1 1 0 1 1 1 1 1 1 1 1 1 1 1 0 1 2 0 1 0 1 2 1 1 1 1 2 3 1 1 1 2 0 0 0 2 1 0 0 1 2 0 2 2 2 1 0 1 1 1 1 1 0 1 3 1 1 1 1 1 1 1 1 1 1 1 2 0 1 0 2 1 0 1 1 1 2 2 2 1 2 2 0 1 1 2 1 2 2 1 0 1 0 2 2 1 1 1 0 0 1 1 1 1 1 1 0 0 0 1 1 0 1 0 0 
1 1 0 1 1 1 1 1 1 1 1 0 1 0 1 0 1 0 0 1 1 1 0 1 0 1 0 1 1 1 1 1 0 1 1 1 1 1 1 1 3 1 1 1 1 1 1 1 1 1 0 1 1 1 1 1 1 0 1 1 1 2 1 2 2 0 1 2 2 2 1 2 4 0 1 1 0 2 0 0 1 2 1 0 1 0 0 0 1 1 0 1 1 1 0 1 1 1 1 3 1 0 1 1 1 0 1 1 1 0 1 2 0 2 1 0 2 0 2 1 0 2 0 0 0 0 1 1 1 1 0 1 1 2 1 0 2 0 2 1 1 1 1 1 1 1 1 1 1 1 1 1 1 0 1 1 1 0 1 1 
0 0 1 1 1 1 1 1 1 1 0 1 1 0 0 1 0 1 1 0 1 0 1 1 1 1 0 1 1 1 0 1 1 1 1 0 1 1 1 1 3 1 1 1 0 1 1 1 1 1 1 1 1 1 1 1 1 0 1 1 1 1 0 2 1 2 1 1 0 1 0 2 4 1 2 2 1 2 2 2 1 1 2 2 1 1 2 2 2 2 1 1 1 1 0 1 0 1 1 3 1 1 1 1 1 1 1 1 1 1 1 2 0 0 1 0 2 2 2 2 1 1 2 0 2 1 1 2 0 1 1 0 2 1 2 1 0 0 0 1 2 1 1 1 1 1 1 1 1 1 0 1 1 1 1 1 1 1 1 1 
1 1 1 1 1 0 1 0 1 1 0 1 1 1 1 1 0 1 1 1 0 0 1 1 1 1 0 1 0 0 1 0 0 1 1 1 1 1 0 1 3 0 0 1 1 1 1 0 0 1 1 1 1 1 1 1 1 0 1 1 1 1 0 0 1 2 2 1 1 1 0 2 3 2 0 0 2 1 1 1 1 1 1 0 2 0 1 2 1 0 1 1 1 0 0 1 1 1 1 3 1 1 1 1 0 0 1 0 0 1 0 1 0 0 1 0 1 0 2 2 2 2 0 2 1 2 2 0 2 2 1 1 0 2 0 1 2 1 1 2 1 1 1 2 1 0 1 1 1 0 1 0 1 1 1 1 0 1 1 0 
1 1 0 1 1 0 1 1 1 0 1 1 1 0 1 1 1 1 1 1 1 0 1 0 1 1 1 1 1 1 0 1 1 1 1 1 0 1 1 1 3 0 1 1 1 1 1 1 1 0 1 1 0 1 1 1 1 1 0 0 1 1 1 1 0 1 1 1 1 1 1 1 3 1 1 0 1 0 1 1 1 1 1 1 0 1 1 1 1 0 0 1 0 1 1 0 1 0 0 3 1 1 1 1 1 1 0 1 0 1 1 1 0 1 0 2 2 1 2 0 1 1 0 2 2 2 1 0 1 2 1 2 2 2 1 1 0 0 2 1 2 1 0 2 2 2 1 1 1 1 1 0 0 1 0 1 1 1 1 0 
1 1 1 1 1 1 0 1 1 1 1 1 1 1 1 0 1 1 1 1 0 1 1 1 1 1 1 1 1 0 1 0 1 1 1 1 1 1 1 0 3 1 1 1 1 1 1 0 1 1 1 1 1 1 0 1 1 1 1 0 1 1 1 1 1 0 0 1 1 1 1 0 3 0 0 1 0 0 1 0 1 1 1 1 1 1 1 0 1 1 1 1 1 1 1 1 1 1 1 3 1 1 0 1 0 1 0 1 1 1 1 1 1 0 0 1 1 2 2 1 0 1 0 0 2 2 1 2 1 2 1 2 2 2 1 1 1 0 1 1 2 0 1 1 2 2 0 0 1 1 1 1 1 1 0 1 1 1 0 1 
1 1 1 0 1 1 1 0 1 1 1 1 1 1 0 1 1 1 0 1 1 1 1 1 1 1 1 0 0 1 1 1 1 1 1 1 1 1 1 0 3 1 1 0 1 1 1 1 1 1 1 1 1 1 0 1 1 1 1 1 1 1 1 1 1 0 1 1 1 1 1 1 3 1 1 1 1 0 0 1 0 0 1 1 1 1 1 1 0 1 1 1 1 1 0 1 1 0 0 3 1 1 1 0 1 1 1 0 1 1 1 1 0 1 0 2 1 2 1 1 1 1 2 1 0 2 1 1 2 1 2 0 2 1 2 0 2 2 2 2 1 2 1 2 2 1 1 1 1 1 1 0 1 1 1 1 1 1 1 1 
0 1 1 1 1 0 1 1 1 1 0 1 0 1 1 0 0 1 1 1 1 1 1 1 1 1 1 1 1 1 1 1 0 1 0 1 1 1 1 1 3 1 1 1 1 1 0 1 1 1 1 1 1 1 1 1 1 1 1 0 1 0 0 1 1 1 0 1 1 0 1 1 3 1 1 1 0 1 1 0 0 0 1 1 1 1 0 1 1 1 0 1 1 1 1 0 1 1 1 3 1 1 1 0 1 1 0 1 1 1 1 1 1 1 1 2 2 2 1 2 2 1 2 1 2 1 0 2 1 2 2 1 2 2 0 2 0 1 2 1 2 1 1 0 2 2 1 0 1 1 1 1 0 1 0 1 1 1 1 1 
1 1 0 1 0 1 1 1 1 0 1 1 1 1 1 1 0 1 1 1 1 1 1 1 1 1 1 1 0 1 0 1 1 1 1 1 1 1 1 1 3 1 0 1 1 1 1 0 1 0 1 1 1 1 1 1 0 1 1 1 1 1 0 1 1 1 0 0 1 1 1 1 3 1 1 1 0 1 1 0 1 1 1 1 0 1 1 1 0 1 1 1 0 1 1 1 1 1 1 3 1 1 0 1 1 0 1 0 0 1 1 1 0 1 1 0 1 1 0 2 2 0 2 1 1 1 1 1 2 1 0 1 2 1 2 1 0 0 1 2 2 1 0 1 1 0 1 1 0 1 1 1 1 1 1 1 1 1 1 1 
0 1 1 1 0 1 1 1 1 1 1 1 1 1 1 0 1 1 1 1 0 0 0 1 1 1 1 1 1 0 0 1 1 0 1 1 1 1 1 0 3 0 1 1 1 1 0 1 1 1 1 1 0 1 1 1 1 1 1 1 1 1 1 1 1 1 1 1 1 1 1 1 3 1 0 1 1 1 1 0 0 0 1 1 1 1 1 1 1 1 1 0 1 1 0 1 1 1 1 3 1 0 1 1 1 0 1 1 0 1 1 1 1 1 1 2 1 2 0 3 4 3 4 4 3 4 4 4 3 4 4 3 3 3 3 3 4 3 4 4 4 3 3 4 4 3 3 3 3 3 3 3 3 3 3 3 3 3 3 3 
1 1 1 1 1 0 1 1 1 1 1 1 1 1 1 1 1 1 1 1 1 1 1 1 1 1 0 1 0 1 0 1 0 1 1 0 1 0 1 1 3 1 1 1 1 0 1 1 1 0 1 1 1 0 1 1 1 0 1 1 0 1 1 1 1 1 1 1 0 1 1 1 3 1 1 1 1 1 1 1 1 1 1 1 1 0 1 1 1 0 1 1 0 0 1 1 0 1 1 3 0 1 1 0 1 0 1 1 1 0 1 1 1 0 1 1 1 2 1 3 1 0 2 2 2 2 2 1 2 1 0 0 2 1 1 2 0 0 1 2 1 2 0 2 2 1 1 1 1 1 1 1 1 1 1 1 1 0 1 1 
1 1 0 1 1 1 1 0 1 1 1 1 1 1 1 1 1 0 1 1 1 1 0 1 0 1 1 0 1 1 1 1 1 0 1 1 1 0 1 0 3 1 1 0 0 1 1 1 0 1 1 0 1 1 0 1 0 0 0 1 1 1 1 1 0 1 1 1 0 1 1 1 3 0 1 1 0 1 1 1 0 1 0 1 0 0 1 1 1 1 1 1 0 1 1 1 1 1 1 3 0 1 1 1 1 1 1 1 0 1 1 0 1 1 1 1 2 1 1 3 1 2 0 0 1 2 0 1 2 1 2 0 2 1 2 2 0 1 2 0 2 2 1 2 2 2 1 1 1 0 1 1 0 1 1 1 1 0 1 1 
1 1 1 1 1 1 1 1 1 1 1 1 1 1 0 1 0 1 1 1 1 1 1 1 1 0 1 0 1 1 1 1 1 0 1 0 0 1 0 0 3 1 0 0 0 0 1 1 1 1 0 1 1 1 1 1 1 1 1 1 1 1 1 1 1 1 1 1 1 1 1 1 3 1 1 1 1 1 1 1 1 1 0 1 1 1 1 1 1 1 1 1 1 1 0 1 0 0 1 3 1 1 1 1 1 1 1 1 1 0 1 1 0 1 1 2 1 0 2 3 1 0 2 1 1 1 2 0 1 2 2 0 0 0 1 1 1 1 2 0 1 0 1 0 2 2 1 1 1 1 1 1 1 1 1 1 0 1 0 1 
1 1 1 1 0 0 1 0 1 1 1 1 1 1 1 1 1 1 0 1 1 0 1 1 1 1 1 1 1 0 1 0 1 1 1 1 0 1 1 1 3 1 1 1 1 1 1 1 1 0 1 1 1 1 1 1 1 1 0 1 0 1 0 1 0 0 1 1 0 1 0 0 3 1 1 1 1 1 0 1 1 0 1 1 0 1 0 0 1 1 1 1 0 1 0 0 1 1 1 3 1 1 1 1 0 1 1 0 1 1 1 0 0 1 1 1 2 2 2 3 2 2 1 1 1 2 1 1 1 2 2 1 2 2 2 2 1 2 1 0 2 2 2 0 1 1 1 1 1 1 1 1 1 1 1 1 1 1 1 1 
1 1 1 1 0 1 1 1 0 1 1 1 1 1 1 1 1 0 1 0 1 1 1 1 1 0 1 1 1 1 1 1 1 0 1 0 1 1 1 1 3 1 1 0 1 1 0 1 1 0 1 1 1 0 1 1 0 0 1 1 1 1 0 1 1 1 1 1 0 1 1 0 3 1 0 0 1 1 1 0 1 1 0 1 1 1 1 0 1 1 0 1 0 1 1 1 1 1 1 3 1 1 1 0 0 1 1 1 1 0 1 1 0 1 1 1 2 2 2 3 1 2 1 1 2 1 1 2 1 2 1 1 2 1 0 1 1 1 1 1 1 1 2 1 2 0 1 1 1 0 1 1 0 1 1 1 1 1 1 1 
1 0 1 1 0 1 1 1 1 0 1 1 1 0 0 1 1 1 1 1 1 1 1 1 0 0 1 1 0 1 0 1 1 1 1 1 1 1 1 1 3 0 1 1 0 0 0 1 0 1 1 0 1 1 0 1 1 1 1 1 1 0 1 1 1 1 0 1 1 1 1 1 3 1 1 0 1 1 1 1 0 1 1 1 1 0 0 1 0 1 1 1 0 1 1 1 1 0 0 3 1 1 1 1 1 1 1 1 1 0 1 0 1 1 1 2 1 0 2 4 0 0 0 2 2 0 1 1 2 2 2 1 2 1 1 1 2 2 2 2 0 2 2 1 2 1 1 1 0 1 0 1 1 1 1 1 0 1 1 0 
1 1 1 1 1 1 0 1 1 1 1 0 0 0 1 1 1 0 0 1 1 1 1 1 1 1 1 1 1 1 0 1 1 1 1 1 0 1 0 1 3 1 1 1 0 0 1 1 1 1 1 0 1 1 1 1 1 0 0 0 1 1 1 1 1 1 1 1 1 0 1 1 3 1 1 1 1 0 0 1 1 1 1 0 1 1 1 1 1 1 1 1 1 1 0 1 1 0 0 3 1 1 1 1 1 1 1 0 1 0 1 1 1 1 1 0 2 1 1 3 2 1 1 1 1 2 2 2 1 0 1 2 0 2 2 0 0 2 0 1 1 2 1 2 1 2 1 0 1 1 1 1 1 1 1 1 0 0 1 1 
1 1 1 1 1 1 1 1 0 1 1 1 1 0 1 1 1 1 1 1 1 1 1 0 0 1 0 1 1 0 1 1 1 1 1 1 1 1 1 0 3 1 1 1 1 0 0 1 0 1 0 0 1 1 1 1 1 1 1 1 1 1 1 1 1 1 1 1 1 1 1 1 3 1 1 1 1 1 1 1 1 1 1 1 0 1 1 1 1 1 1 1 1 1 0 1 1 1 1 3 0 1 0 1 1 1 1 1 0 0 1 1 0 1 1 2 2 1 1 4 2 1 2 2 2 2 1 0 0 0 1 0 0 1 1 0 1 2 1 0 2 2 1 1 2 2 1 1 1 1 0 0 0 1 1 1 0 0 0 1 
1 1 1 1 0 1 0 0 0 0 1 1 1 1 1 1 1 1 0 0 0 0 1 1 1 1 1 0 1 1 1 1 1 1 1 1 1 0 1 1 3 1 0 1 1 1 1 1 1 1 0 0 1 1 1 1 0 0 1 1 1 0 0 1 1 1 1 1 1 1 1 1 3 1 1 0 1 0 1 1 1 1 1 1 1 0 1 1 0 0 0 1 1 1 1 0 1 1 1 3 0 0 0 1 1 1 0 1 0 1 1 1 1 1 1 2 1 2 0 3 2 2 2 2 2 2 0 1 1 2 2 0 1 1 2 1 1 1 1 2 2 1 2 0 2 1 1 1 1 1 1 1 1 0 1 1 1 1 1 1 
0 1 0 1 1 1 1 0 1 1 1 1 1 1 1 1 1 1 0 1 1 1 1 1 1 1 1 1 0 1 0 2 1 1 2 0 2 0 1 1 3 1 1 2 1 1 1 2 2 1 2 1 1 1 2 2 0 1 2 1 2 1 1 1 1 1 1 1 1 1 1 1 3 1 1 1 1 1 0 0 0 0 1 1 1 1 1 1 1 1 1 1 1 1 1 1 1 0 1 3 1 0 1 1 0 1 1 1 1 1 1 1 1 1 1 2 2 1 1 3 1 0 0 2 1 2 2 0 0 0 1 2 0 0 2 2 1 1 2 1 2 1 0 2 0 2 1 0 1 1 1 1 1 1 1 0 1 1 1 0 
1 1 1 1 1 1 1 1 1 1 1 1 1 1 1 1 1 1 1 1 1 1 1 1 1 1 1 1 1 1 0 1 2 2 1 1 1 2 2 0 4 1 2 0 2 1 1 0 2 0 1 2 2 1 1 0 1 2 2 0 2 1 1 1 1 1 1 1 1 0 1 0 3 0 1 1 1 1 1 1 1 1 1 1 1 1 1 1 0 0 1 0 1 1 0 1 1 1 0 3 1 1 0 0 1 1 1 1 0 1 1 0 1 1 1 2 2 2 0 3 0 1 1 2 1 2 1 2 1 2 1 2 1 2 1 2 2 1 1 1 1 1 2 0 1 0 1 1 1 1 1 1 1 1 1 1 1 1 1 0 
0 1 1 1 1 0 1 1 1 1 1 1 0 0 1 0 1 1 1 1 1 1 1 1 0 1 1 1 1 1 2 2 1 2 2 2 1 2 1 2 4 2 0 0 2 0 1 2 1 0 2 1 2 1 2 0 0 2 2 1 0 1 1 1 1 1 1 1 1 1 1 1 3 1 1 1 1 0 1 1 1 1 1 1 1 1 1 1 1 1 0 1 0 1 1 1 1 1 1 3 1 1 1 1 1 1 1 1 1 1 0 1 0 0 1 0 2 2 0 4 2 1 2 0 1 2 2 0 1 1 2 2 0 1 0 2 1 0 1 1 1 2 2 0 2 2 1 0 1 1 1 1 1 0 1 0 0 1 1 0 
1 1 0 1 1 0 1 0 0 0 1 1 1 1 1 1 1 1 1 1 1 1 1 0 1 1 1 1 1 0 2 2 2 0 1 1 2 1 2 1 3 2 1 2 1 2 2 1 1 2 0 0 2 2 1 0 1 2 1 2 2 0 1 0 1 1 1 1 1 1 0 1 3 0 0 1 1 1 1 1 0 1 0 1 1 1 1 0 0 0 1 1 1 1 1 1 1 1 1 3 1 1 0 0 0 1 1 0 1 1 1 1 1 1 1 0 2 1 0 3 0 1 2 0 1 2 1 0 1 1 2 1 1 1 0 0 2 1 1 1 2 0 0 1 0 0 1 1 0 1 0 1 0 1 1 1 1 0 1 1 
1 1 1 1 1 1 1 0 1 1 1 1 1 1 1 1 0 1 1 1 1 0 1 0 1 1 0 1 1 1 1 2 1 2 1 1 2 2 1 2 3 2 2 2 1 1 0 1 0 2 1 1 2 0 1 2 1 1 1 2 2 1 1 1 1 1 1 1 1 0 1 1 3 0 1 1 1 1 1 1 0 0 1 0 1 1 1 1 1 1 1 1 1 1 1 1 1 1 1 3 1 1 1 1 1 1 1 1 1 1 1 1 1 1 1 1 2 2 1 3 0 2 2 1 2 1 0 1 1 0 1 2 2 2 2 1 0 1 0 2 0 0 1 1 1 0 1 0 1 1 0 1 1 0 1 1 0 1 0 0 
3 3 3 3 3 3 3 3 3 3 3 3 3 3 3 3 3 3 3 3 3 3 3 3 3 3 3 3 3 3 3 4 3 3 4 4 3 4 4 3 3 1 2 2 0 2 0 2 1 1 1 1 2 2 1 2 1 2 2 0 2 0 0 1 1 1 0 0 1 1 1 1 3 1 1 1 1 1 1 1 1 1 1 1 0 1 1 1 1 1 1 1 1 1 1 1 1 1 0 3 1 1 1 1 1 1 0 1 1 1 0 0 1 1 1 2 1 2 1 4 2 2 1 2 1 1 2 1 1 1 1 1 1 2 1 2 2 2 0 2 2 2 2 2 0 0 1 0 1 1 1 1 1 0 0 1 1 1 1 0 
1 1 1 1 1 1 1 1 1 1 0 0 1 0 1 1 1 0 0 0 1 1 1 1 1 1 0 1 0 0 0 0 2 1 0 2 2 0 0 2 1 2 1 1 2 0 0 1 1 1 1 2 0 2 1 2 2 0 1 1 1 1 1 1 1 1 0 1 1 0 1 1 3 1 0 0 1 0 1 1 1 1 1 1 1 0 1 1 1 1 1 1 0 1 1 1 1 1 0 3 1 1 0 1 1 1 1 1 1 1 1 1 0 1 1 0 0 1 2 3 1 2 1 2 0 2 2 2 0 2 1 0 1 2 1 0 2 2 2 1 1 2 2 0 1 1 1 1 1 1 1 1 1 1 0 0 1 1 1 1 
1 1 1 0 0 1 1 1 1 1 1 1 1 0 1 1 1 1 1 1 1 1 1 1 1 1 1 1 0 1 0 2 1 2 2 0 1 1 1 1 1 1 2 0 0 1 1 1 2 2 1 2 1 0 1 0 1 2 0 2 2 1 0 1 1 0 1 0 0 1 0 0 3 1 1 1 1 0 1 1 1 1 1 1 0 0 1 0 0 1 1 1 1 1 0 0 1 0 1 3 0 1 0 0 0 1 1 1 0 1 0 1 0 1 1 1 2 0 2 3 2 1 2 1 0 1 0 1 2 2 2 1 2 1 1 1 0 2 2 1 2 1 1 2 1 2 1 1 0 0 1 0 1 1 1 1 1 0 1 1 
1 1 0 1 0 0 0 1 1 1 0 1 1 1 1 1 1 1 1 0 1 0 1 1 0 1 1 1 1 0 1 0 1 1 2 2 1 1 0 0 2 1 0 0 1 1 1 1 2 0 1 1 2 1 0 2 1 2 0 2 2 1 1 0 0 0 0 1 1 0 1 0 3 1 1 0 1 1 1 0 1 0 1 1 1 1 1 1 1 1 1 1 0 1 1 1 1 1 1 3 1 1 1 1 1 0 0 0 0 0 1 1 1 0 1 1 0 2 0 4 1 0 2 2 1 0 1 2 2 2 2 2 2 2 2 2 1 2 1 2 0 1 1 2 1 0 1 1 1 1 1 1 1 1 0 1 1 1 0 1 
3 3 3 3 3 3 3 3 3 3 3 3 3 3 3 3 3 3 3 3 3 3 3 3 3 3 3 3 3 3 4 4 3 4 4 3 3 4 3 3 3 4 3 3 4 3 4 4 3 3 3 3 3 4 3 4 3 4 3 4 4 1 0 1 0 1 1 0 1 0 1 0 3 0 1 1 1 1 1 1 0 0 0 0 1 1 1 1 1 0 1 1 1 1 0 0 1 1 1 3 1 1 1 0 1 1 1 1 1 1 1 0 0 1 0 1 1 1 2 3 1 2 1 1 1 1 2 0 1 2 1 1 1 1 0 2 2 0 2 1 1 2 2 1 1 0 1 1 0 1 0 1 1 1 1 1 1 1 1 1 
1 1 1 1 1 1 0 1 1 1 1 1 1 1 1 1 1 1 1 1 1 1 1 1 0 1 1 1 1 1 1 0 2 2 2 1 2 2 1 1 2 2 1 0 1 2 2 1 2 0 1 1 0 2 1 2 1 1 1 1 4 1 1 0 0 1 1 1 1 1 2 2 4 2 1 1 1 1 2 2 1 2 0 1 2 1 2 2 2 1 2 0 1 2 1 2 2 1 1 3 3 3 3 3 3 3 3 3 3 3 3 3 3 3 3 4 3 4 4 3 1 2 0 2 1 2 1 1 1 1 0 2 0 1 1 0 2 1 1 1 2 1 1 0 1 1 1 1 1 1 1 1 0 1 1 0 1 1 1 1 
1 1 1 1 0 1 0 1 1 1 1 1 1 1 1 1 1 1 0 1 1 1 1 0 1 1 1 1 1 1 2 2 1 0 1 2 0 2 1 2 0 1 2 2 1 1 2 1 1 1 0 1 0 2 0 2 0 1 1 1 3 1 0 1 1 0 0 1 0 1 2 2 3 1 2 0 0 2 2 2 2 2 2 2 1 1 0 0 0 0 1 1 0 2 0 1 1 1 2 2 0 1 1 1 0 1 1 1 1 1 1 1 0 1 1 1 0 0 2 0 2 2 0 2 2 0 0 2 2 0 1 2 1 1 2 1 1 2 0 2 1 2 2 0 2 2 1 0 1 0 1 0 1 0 1 0 0 0 1 0 
1 1 0 0 1 0 0 1 1 1 0 0 1 0 0 0 1 1 1 1 1 0 0 1 1 1 1 1 1 1 2 1 1 0 1 0 2 0 1 0 1 2 2 1 1 1 2 2 1 2 1 2 1 2 1 1 1 0 0 2 3 1 1 1 1 1 1 1 1 1 0 0 4 0 1 1 2 1 0 2 1 2 1 1 2 2 2 1 2 1 2 2 1 2 1 1 2 2 1 1 2 0 1 1 1 1 1 1 1 1 1 1 1 0 1 1 0 2 1 1 2 0 1 1 2 2 1 0 2 1 0 2 2 2 1 2 0 2 0 2 2 2 1 2 1 2 0 1 0 1 1 1 1 1 1 1 0 1 1 1 
1 1 1 1 0 1 0 1 1 0 1 0 1 0 0 1 1 1 0 1 1 1 1 1 1 1 1 1 0 1 0 1 2 2 2 0 1 0 0 0 0 1 2 0 2 1 0 2 2 0 1 1 2 0 2 2 1 2 2 2 4 1 0 1 1 1 1 1 1 0 2 0 3 1 0 0 2 2 1 2 1 1 1 0 2 1 1 1 2 2 1 2 1 2 1 1 2 2 1 1 2 0 1 1 0 0 1 1 1 0 1 0 0 1 1 1 1 1 2 1 2 2 1 2 0 1 2 2 0 2 0 0 2 2 0 2 2 1 2 2 2 1 1 0 1 1 0 1 1 1 1 1 1 1 1 1 1 1 1 1 
1 1 1 0 1 1 1 1 1 1 1 1 1 0 1 1 1 1 1 1 1 0 1 1 0 1 1 1 1 1 0 0 0 1 2 2 0 0 0 0 1 2 0 1 0 0 1 1 1 1 2 0 1 2 2 1 0 1 2 1 3 0 1 1 1 1 1 1 1 1 2 1 3 0 2 2 0 1 2 2 0 1 1 0 1 1 1 1 0 2 1 0 1 2 1 2 2 2 1 0 2 1 0 1 1 1 1 1 1 1 1 0 1 1 1 1 2 2 2 1 0 1 2 2 2 2 2 2 1 1 2 1 2 1 2 1 2 0 2 0 0 2 1 1 1 0 1 1 1 1 0 1 1 1 1 1 1 0 1 1 
1 1 1 0 1 1 0 1 1 0 0 0 0 1 1 1 1 1 0 0 0 0 1 1 0 1 0 1 1 1 2 2 1 1 1 2 2 0 1 2 2 1 0 2 1 0 2 2 2 0 0 2 0 1 0 0 2 1 2 1 4 0 1 1 1 1 0 1 1 1 2 1 4 1 1 1 2 0 2 2 2 1 1 2 2 2 2 0 0 2 2 2 2 1 2 1 2 1 1 0 1 1 1 1 1 1 0 1 1 1 1 0 1 1 1 1 1 1 0 1 1 1 1 1 1 0 1 0 0 1 1 1 0 0 1 0 1 1 0 1 1 0 1 0 1 1 0 1 1 1 0 1 1 1 1 1 0 1 1 1 
1 0 1 1 1 1 1 1 1 1 1 1 1 1 1 1 1 0 1 1 1 1 1 1 1 0 1 1 1 0 2 0 2 1 2 2 1 0 2 1 0 1 2 1 1 0 2 1 2 0 0 2 0 2 1 1 1 0 2 1 3 1 1 1 1 1 1 1 0 0 1 2 3 1 2 2 0 1 2 2 2 1 0 1 1 1 0 2 2 0 2 2 0 2 1 1 2 2 2 1 2 1 1 1 1 1 1 1 1 1 1 1 1 1 1 0 1 1 1 1 1 1 1 0 1 0 1 0 1 1 0 1 1 1 0 1 0 0 1 1 0 1 1 1 1 1 1 0 1 0 1 1 1 1 1 0 1 1 1 1 
1 0 1 1 1 1 1 1 1 1 0 1 0 1 1 1 0 1 0 1 0 1 0 0 1 0 1 1 1 1 2 0 2 1 2 1 2 2 2 0 1 0 1 2 2 1 1 2 1 2 1 1 2 1 1 0 1 1 0 2 3 1 0 1 1 1 1 1 1 1 1 2 4 2 2 1 2 0 2 1 2 1 2 0 2 1 0 2 2 1 0 2 1 0 0 1 2 1 1 0 1 0 0 1 1 1 1 1 1 1 1 1 0 1 1 1 0 1 0 1 1 1 1 1 1 0 1 1 0 1 1 0 0 1 1 0 0 1 1 1 1 1 1 1 1 1 1 1 1 1 1 1 1 0 1 1 0 1 0 1 
1 1 1 0 1 1 1 1 0 0 1 1 1 1 1 1 1 1 1 1 1 1 1 1 1 1 1 1 0 1 1 2 1 1 2 1 2 0 0 2 1 1 0 2 0 2 0 0 1 1 0 1 2 2 0 1 0 2 2 2 3 1 0 1 1 1 1 1 0 1 2 2 3 0 0 2 2 2 1 1 0 1 1 2 2 2 1 1 2 2 1 1 1 0 2 2 1 2 2 2 2 1 1 1 1 1 0 1 1 1 1 0 1 0 1 1 1 1 0 0 0 1 0 1 0 0 0 1 0 1 1 0 1 1 1 1 1 1 1 1 1 1 0 1 1 1 1 1 1 1 1 1 1 1 1 1 1 0 0 1 
1 1 1 1 1 0 0 0 0 1 0 0 1 1 1 1 1 1 1 1 1 0 1 1 1 1 1 1 1 1 1 0 2 1 0 1 1 1 0 1 0 2 1 1 2 2 1 2 1 0 2 1 0 2 1 1 2 2 1 2 3 1 1 1 1 1 1 1 1 1 1 2 4 1 1 2 1 2 2 2 1 1 1 2 2 2 1 2 2 2 2 2 1 1 2 1 2 1 2 1 1 1 1 1 1 1 1 1 1 1 1 1 1 1 1 1 0 1 1 1 1 0 1 1 1 0 1 1 1 1 1 1 0 1 1 1 0 1 1 1 1 1 1 0 1 1 1 1 1 1 1 1 0 1 1 0 1 1 1 1 
1 1 1 1 1 1 0 1 1 1 0 1 1 0 1 1 0 1 1 1 1 1 0 1 1 1 1 1 1 1 2 0 2 1 1 2 2 2 0 1 1 2 1 0 1 2 2 0 1 1 2 2 2 0 1 1 2 2 1 1 4 1 0 1 1 1 1 1 1 1 2 1 4 0 1 2 1 2 2 2 2 0 1 1 0 1 1 1 0 2 0 2 2 1 2 1 2 0 0 1 0 1 1 0 1 1 1 1 1 0 1 1 1 1 1 1 1 1 1 1 0 1 1 1 1 1 1 1 1 1 1 1 1 1 1 1 1 1 0 1 1 1 1 1 1 1 1 1 1 1 1 1 1 1 1 1 1 1 1 1 
1 1 1 1 0 1 1 1 0 1 1 1 0 1 1 1 1 1 1 1 1 1 1 0 1 0 1 1 1 1 2 2 0 0 0 2 1 2 2 1 2 2 2 1 2 1 2 1 1 1 2 1 0 1 2 1 1 1 2 2 3 1 0 1 0 1 1 0 0 0 1 2 3 1 1 2 0 1 2 1 1 0 0 1 1 1 2 2 0 1 1 2 1 2 1 2 1 2 0 1 1 1 0 1 1 1 1 1 0 1 1 1 1 1 1 1 1 1 1 0 0 1 0 1 1 0 0 1 1 1 0 1 1 1 0 1 1 1 1 1 1 1 0 1 1 1 1 0 1 1 1 0 1 1 1 1 1 0 1 1 
1 1 1 1 1 1 1 1 1 1 1 0 0 1 1 1 1 0 1 1 1 1 1 1 1 1 1 1 1 0 2 1 1 0 0 0 2 0 0 2 1 2 2 2 0 2 2 2 2 0 1 2 0 1 0 2 2 1 0 2 3 1 1 0 1 0 1 1 0 1 1 1 4 2 0 2 1 1 0 0 0 2 2 1 2 0 0 2 2 1 2 1 2 0 2 1 2 1 2 0 1 1 1 1 1 1 1 1 1 1 0 0 1 1 1 1 0 1 1 1 0 1 1 1 0 1 0 1 1 1 1 1 1 1 0 1 1 0 0 0 1 0 0 0 0 1 1 1 1 1 1 1 1 1 1 1 1 0 0 1 
1 0 1 1 1 1 1 0 0 1 1 1 0 1 1 1 1 0 1 1 1 1 1 1 1 1 1 1 1 1 0 2 2 1 1 2 1 1 2 0 2 2 0 2 0 2 2 2 1 2 0 1 0 2 2 2 1 1 1 2 4 1 1 1 1 1 0 1 0 1 1 2 3 1 1 0 1 2 2 1 1 1 2 2 2 0 2 1 2 1 1 1 0 2 2 2 1 1 1 1 2 1 1 1 1 1 1 0 1 0 1 0 1 1 1 1 0 0 1 0 1 0 1 1 1 1 0 1 1 1 0 1 0 1 1 1 1 1 0 0 1 1 1 0 0 2 2 2 0 1 2 1 1 1 2 2 1 2 2 2 
0 0 1 1 1 0 1 1 1 1 0 1 1 1 1 1 1 1 1 1 0 1 1 1 1 0 1 0 1 1 0 1 1 2 2 1 0 1 2 2 2 2 1 0 2 0 1 0 0 1 1 2 2 1 1 2 0 2 2 0 4 1 1 1 1 0 1 1 1 1 2 2 4 0 2 1 0 2 2 0 1 1 2 1 1 2 1 1 1 0 1 2 2 2 2 0 0 2 2 2 2 0 1 1 1 0 1 1 1 1 1 1 1 0 0 1 1 1 1 0 1 0 1 1 1 1 1 1 1 0 1 1 1 1 1 0 0 1 1 0 1 1 2 1 2 0 2 0 2 2 2 0 1 0 0 1 2 2 2 1 
1 1 1 1 0 1 1 1 1 0 1 1 1 1 1 0 0 1 1 1 0 0 0 1 1 1 1 1 1 0 0 1 2 0 1 1 2 1 0 2 2 1 0 2 2 2 0 0 2 2 1 1 1 0 1 1 0 1 2 0 3 1 0 1 1 1 1 1 1 1 2 2 3 2 2 1 1 0 0 2 2 0 1 2 2 1 2 1 1 2 1 1 2 2 2 0 1 2 0 2 1 1 1 1 0 0 1 1 1 1 1 1 1 1 1 0 1 1 0 1 1 1 1 1 1 1 1 0 0 0 1 1 0 1 0 1 1 1 1 1 1 0 1 1 1 2 1 1 0 2 2 2 1 1 1 0 1 2 2 1 
1 1 1 1 1 1 1 0 1 1 1 1 0 1 1 1 1 1 1 1 1 1 0 0 1 1 1 1 1 1 2 2 1 1 2 1 1 1 1 2 1 1 0 1 2 1 1 0 2 2 0 1 1 1 1 1 1 2 1 0 4 1 0 1 1 1 1 1 1 1 0 1 3 0 0 1 2 2 2 2 1 0 1 2 1 1 1 1 1 1 1 2 2 1 2 2 1 2 1 1 1 1 1 1 1 1 1 1 1 0 1 0 0 1 0 1 1 1 0 0 1 1 1 0 1 1 1 1 1 1 1 1 1 1 1 1 1 1 0 1 1 0 1 2 0 1 0 2 1 0 2 0 2 1 2 0 1 2 1 2 
1 1 1 1 0 1 1 1 1 1 1 1 1 1 1 0 0 0 1 1 1 1 1 1 1 0 0 0 1 1 1 2 2 1 2 2 2 1 2 0 2 2 0 2 2 2 1 2 1 2 2 1 0 1 1 0 2 0 2 2 4 1 0 1 1 1 0 1 1 0 2 0 4 1 0 2 0 2 2 0 0 2 0 1 2 0 1 2 1 2 1 1 1 0 0 1 1 2 2 0 0 1 1 1 1 0 1 1 1 1 1 1 1 1 1 1 0 1 0 1 1 1 1 1 1 1 0 1 1 1 0 1 1 1 1 1 1 1 1 1 1 0 2 0 1 0 1 1 1 1 1 2 0 2 1 2 1 2 1 0 
1 1 1 0 1 1 1 1 1 1 0 1 1 1 1 1 1 0 0 1 1 1 0 1 1 1 0 1 1 1 0 1 1 2 2 1 1 0 2 0 0 2 2 1 2 1 2 1 1 2 0 2 1 2 1 1 2 2 2 1 4 0 1 1 1 1 1 0 1 1 2 1 3 1 1 0 2 1 0 1 0 2 2 1 2 1 0 0 0 0 0 2 1 2 0 2 2 1 0 2 2 0 1 0 1 1 1 0 1 1 0 1 1 0 1 1 1 1 1 0 1 0 0 1 1 1 1 1 1 1 1 0 0 1 1 1 1 0 1 1 1 1 1 2 0 2 0 1 1 1 0 2 1 0 2 2 2 1 2 0 
1 1 0 0 1 1 1 1 0 1 1 1 1 1 1 1 1 1 1 1 1 1 1 1 1 1 1 0 0 1 1 1 1 1 1 2 0 0 2 2 2 0 1 2 1 2 2 0 2 1 2 1 2 2 1 0 1 2 2 0 4 1 1 1 1 1 1 1 1 1 2 2 3 2 1 0 2 1 0 0 2 2 0 1 1 1 2 1 1 2 2 1 0 0 2 0 1 1 1 2 1 1 0 1 1 1 1 0 1 1 1 1 1 1 1 0 1 0 1 1 1 1 1 1 1 1 1 1 1 1 1 1 1 0 0 1 1 1 1 1 1 1 1 1 1 2 2 1 2 1 2 2 2 2 2 0 2 1 0 0 
1 0 1 1 1 0 1 1 1 1 1 1 1 1 1 1 1 1 0 1 1 1 1 0 1 1 1 1 1 1 1 1 1 1 0 1 1 0 2 0 0 2 1 1 0 2 2 1 0 2 1 2 0 1 1 1 2 1 1 0 4 1 1 1 1 0 1 1 1 1 0 1 4 1 1 1 1 1 2 1 1 1 2 1 2 2 2 1 1 2 1 1 0 1 1 0 0 0 1 1 1 0 0 1 1 1 1 0 1 1 0 1 1 1 1 0 1 0 1 1 1 1 1 1 1 1 1 0 0 0 1 1 0 1 0 1 0 1 1 0 0 1 2 2 2 2 0 1 1 0 1 0 1 2 0 1 2 0 0 0 
1 1 1 1 1 1 0 0 0 1 1 1 1 1 1 1 1 1 1 1 1 1 1 1 1 1 1 0 1 1 1 1 0 1 1 0 1 1 0 1 1 1 1 1 1 1 1 0 1 1 1 1 0 1 1 1 1 1 1 1 3 1 0 1 1 1 1 0 1 0 1 0 4 1 2 0 2 1 1 2 1 2 2 2 2 0 1 0 1 1 1 1 0 1 2 2 1 1 2 2 2 1 0 1 1 1 0 1 0 1 1 1 1 1 1 1 1 0 1 1 1 0 1 1 1 1 0 1 1 1 0 1 1 1 1 1 1 1 1 0 1 1 2 1 1 1 2 1 2 2 2 2 0 2 0 0 1 2 0 1 
1 0 1 1 1 1 1 1 1 1 1 1 0 1 1 1 0 0 1 0 1 0 1 1 1 1 1 1 1 1 1 0 1 1 1 0 1 0 1 0 1 1 0 1 0 0 1 0 1 1 1 1 1 1 1 1 1 1 1 1 3 1 1 0 1 1 1 1 1 1 1 1 4 1 2 0 2 2 1 1 0 1 1 2 2 2 2 0 1 0 1 2 2 1 0 2 2 1 2 2 1 1 1 0 1 1 1 0 1 1 1 1 1 1 1 1 1 1 1 1 1 1 1 1 0 0 1 1 1 1 1 0 1 1 0 1 1 1 1 0 0 1 2 0 2 1 1 2 1 0 1 0 2 2 0 0 2 1 1 2 
1 1 1 0 1 0 1 1 1 1 1 1 1 1 1 0 1 1 0 1 0 1 0 1 1 1 1 1 0 1 1 1 0 1 0 1 1 0 1 1 1 1 0 1 1 1 1 1 1 0 0 1 0 1 1 1 1 1 1 0 3 1 1 1 1 0 1 1 1 1 1 2 3 1 2 1 0 1 2 0 2 1 2 1 2 1 2 2 1 1 2 2 2 2 2 0 0 0 0 2 0 1 1 1 1 1 1 0 1 1 1 1 1 1 0 1 0 1 1 0 1 1 1 1 1 0 1 1 1 0 1 1 1 1 0 1 1 1 1 1 1 1 0 2 2 0 0 1 1 0 2 1 0 0 1 1 1 2 0 2 
0 1 1 1 1 1 1 1 0 1 1 1 1 0 1 0 1 1 1 1 1 1 1 1 1 1 0 1 1 1 1 1 0 1 1 0 1 1 1 1 1 0 1 1 1 1 1 1 1 1 1 1 0 1 0 1 1 0 1 1 3 1 1 1 1 1 1 1 1 1 1 2 3 2 1 2 0 1 2 1 2 2 2 2 2 1 2 2 2 2 1 2 1 2 2 2 1 2 2 1 2 1 1 1 1 1 1 1 1 1 1 1 1 1 1 1 0 1 1 1 1 1 1 0 1 0 1 1 1 0 1 1 1 1 0 1 1 1 1 1 1 1 1 2 2 2 0 1 0 0 2 2 2 0 0 1 1 2 2 0 
1 1 1 1 1 0 0 1 1 1 0 1 1 0 0 1 1 1 1 0 1 1 1 1 1 1 1 1 1 1 1 1 1 1 1 1 1 0 1 0 1 1 1 1 0 0 1 0 0 0 1 1 1 1 1 1 1 1 1 1 3 0 1 1 1 1 1 0 0 1 2 1 4 2 1 2 2 1 2 1 1 2 2 1 2 2 1 2 2 1 2 1 1 2 2 2 1 1 2 0 2 1 0 1 1 1 1 0 1 1 1 1 1 1 1 1 1 1 0 1 1 0 0 1 1 1 1 1 1 1 1 1 0 1 1 1 1 0 1 0 1 1 2 1 1 1 2 0 2 1 1 1 1 0 2 0 0 1 1 1 
0 0 1 1 1 1 1 0 1 1 1 1 1 1 1 1 0 1 1 1 1 1 1 0 1 1 1 1 1 1 0 1 1 1 1 1 1 1 1 1 1 1 1 0 0 1 1 1 1 1 1 1 1 1 1 1 0 1 0 1 3 1 1 1 1 0 1 0 1 1 1 2 3 2 0 1 1 1 2 1 2 1 1 1 1 2 2 2 0 1 0 2 0 2 0 2 2 1 2 1 2 1 0 1 1 1 1 1 1 0 0 1 1 1 1 1 1 1 1 1 0 1 1 1 0 1 1 1 0 1 1 1 1 1 1 1 1 1 1 1 0 1 2 2 0 2 2 2 2 2 2 1 0 0 1 2 2 2 1 2 
1 1 1 0 1 1 1 1 1 0 1 1 1 1 1 1 1 1 1 1 1 1 1 0 0 1 1 1 0 1 1 1 1 1 1 0 1 1 0 1 0 0 1 1 1 1 1 1 1 0 1 1 0 1 1 0 1 0 1 0 3 1 1 0 1 0 1 1 1 0 2 1 4 1 1 1 0 2 2 0 1 1 1 0 1 1 2 1 0 1 2 1 0 2 2 1 0 0 2 1 2 1 1 1 1 1 1 1 1 0 1 1 1 1 1 1 1 1 0 1 1 1 1 0 0 1 0 1 1 1 1 1 0 1 1 1 1 1 1 0 0 1 2 1 1 2 0 0 0 2 1 1 1 0 1 1 1 1 1 0 
1 1 1 1 1 1 1 1 1 1 0 1 1 1 0 0 1 1 1 1 0 1 1 1 0 0 1 1 1 0 1 1 1 1 1 1 1 1 1 1 0 1 1 1 1 1 0 1 1 1 1 0 1 1 1 1 0 1 1 1 3 1 1 0 1 1 1 1 1 1 2 1 4 1 2 1 1 1 2 1 2 0 2 1 2 1 2 2 1 1 2 0 1 0 1 0 0 2 1 0 1 1 1 1 1 1 1 1 1 1 1 1 0 1 1 1 0 1 1 1 1 1 1 1 1 0 1 1 1 1 1 1 1 1 0 0 0 1 1 0 1 1 2 2 2 1 1 1 2 1 2 2 1 2 2 0 1 2 2 1 
1 0 1 1 1 1 1 1 1 1 0 1 1 1 1 1 1 1 1 1 1 1 1 1 1 1 1 0 1 1 1 0 0 1 1 1 1 1 1 1 0 1 1 1 1 1 1 1 1 1 1 1 1 0 1 1 1 1 1 1 3 1 0 1 1 1 0 1 1 1 1 2 3 1 1 1 1 1 0 2 0 1 1 1 2 1 2 1 1 1 1 1 1 1 2 2 1 2 2 1 1 1 1 1 0 1 1 1 0 0 1 1 1 1 1 1 0 0 1 1 1 1 1 1 1 0 0 1 1 0 1 1 1 0 1 1 1 1 1 1 1 1 2 1 2 0 1 0 2 1 0 0 2 2 2 1 2 2 0 2 
1 1 1 1 1 0 1 1 0 1 1 1 1 1 1 1 0 0 1 1 0 1 1 1 1 1 0 1 1 1 1 0 1 1 1 1 1 1 1 1 0 1 1 1 1 0 1 1 1 1 1 1 1 1 1 1 1 0 1 1 3 0 1 1 0 1 1 1 1 0 2 2 3 2 1 2 1 1 2 1 1 1 1 0 2 2 1 0 0 0 1 1 1 0 2 1 2 2 0 0 2 1 0 1 0 1 1 1 1 1 1 1 0 1 1 0 1 1 1 1 1 1 1 1 1 0 1 0 1 1 1 0 1 0 0 1 1 1 0 1 1 1 2 1 1 2 0 2 0 2 1 1 1 2 2 1 2 1 0 2 
0 0 1 0 1 1 1 1 1 1 1 1 1 0 0 0 0 1 0 0 1 1 1 1 1 1 0 1 1 1 1 0 1 1 1 0 1 0 1 1 1 1 0 1 1 0 1 1 1 1 1 1 1 0 1 1 1 0 1 1 3 1 1 0 1 1 1 0 1 0 1 1 3 0 1 1 0 1 1 1 1 1 1 1 1 1 0 0 0 0 1 1 1 1 1 1 1 1 1 0 0 1 0 0 0 1 1 1 1 1 1 0 1 1 0 1 1 1 1 1 1 1 1 1 1 1 1 1 1 0 1 1 1 1 1 1 1 1 0 0 1 1 2 0 1 1 2 0 1 1 2 2 2 2 2 1 1 2 0 2 
1 1 1 1 1 1 1 5 1 1 1 1 1 1 0 1 0 0 1 1 1 1 0 1 0 1 0 1 1 1 1 1 1 1 0 1 1 1 1 1 1 1 0 1 1 0 1 1 0 0 1 1 1 0 1 0 1 1 1 1 3 1 1 1 1 0 1 1 1 0 1 1 3 1 1 1 1 0 1 1 0 1 1 1 1 1 0 1 1 1 1 1 1 0 1 1 1 1 1 1 1 1 1 1 1 0 1 0 1 1 1 1 0 1 1 1 1 1 1 0 1 1 1 1 0 1 1 1 0 1 1 1 1 1 1 0 1 1 0 1 1 1 1 0 0 1 1 2 2 2 2 2 0 2 1 1 1 2 2 2 
1 1 1 0 1 1 1 0 0 1 1 1 1 1 1 1 1 0 0 1 1 1 1 1 1 1 1 1 1 1 1 1 1 0 1 1 1 1 0 1 1 1 1 1 1 1 1 1 0 0 1 1 1 0 1 1 1 1 1 1 3 0 1 1 0 1 1 1 1 1 0 1 3 1 0 1 1 1 1 1 1 1 1 1 1 1 1 0 1 1 1 1 1 0 1 1 1 1 1 1 1 1 1 1 1 1 1 1 1 1 1 0 1 0 1 1 1 0 0 1 1 1 1 1 0 1 1 1 1 1 1 1 0 1 1 1 1 1 1 1 1 0 2 2 2 1 1 1 0 1 2 2 2 2 1 1 2 2 2 1 
1 1 1 1 0 0 1 1 1 1 1 1 1 1 1 1 1 1 0 1 1 0 1 0 1 1 0 1 0 1 1 1 0 1 1 1 1 1 0 1 1 1 1 1 0 1 0 0 1 0 1 1 1 1 1 1 1 1 1 1 3 1 0 1 0 1 0 1 1 0 0 1 3 1 1 1 0 1 1 0 1 1 1 1 1 1 1 1 1 1 1 0 1 1 1 1 0 0 1 1 0 1 1 0 1 0 1 0 0 0 0 1 1 1 0 0 1 1 1 1 1 1 1 1 1 1 1 1 1 1 1 1 1 1 1 1 1 1 1 0 1 1 1 2 0 2 2 1 2 2 0 1 1 0 1 1 1 1 0 2 
1 1 1 1 0 1 1 1 1 1 0 1 1 1 1 1 1 1 1 1 1 1 1 1 1 1 1 1 1 0 1 1 1 1 1 1 1 0 1 1 1 0 1 0 1 1 1 1 0 0 1 1 0 1 1 1 1 0 1 1 3 1 1 1 1 1 1 1 0 1 0 0 3 1 1 1 1 1 1 1 1 1 1 1 1 1 1 1 1 1 1 1 1 1 1 1 1 1 1 1 1 1 1 1 1 1 0 1 0 1 1 1 0 1 1 1 1 1 1 1 0 0 1 0 1 1 1 1 0 1 1 1 1 1 1 1 1 1 1 1 1 1 2 0 0 2 0 2 1 2 2 2 1 1 0 0 1 0 1 2 
1 1 1 1 1 1 0 0 1 1 1 0 0 1 0 1 1 0 1 0 1 1 1 1 1 1 1 0 1 1 1 1 1 1 1 1 0 0 1 0 0 1 1 1 1 1 1 0 1 1 0 1 1 1 1 0 1 0 1 1 3 1 1 0 1 1 1 1 0 1 0 0 3 1 0 1 1 1 1 0 0 1 0 0 1 1 1 1 1 0 1 1 1 0 1 0 0 0 1 1 1 1 1 1 1 1 0 0 1 1 1 1 1 1 1 1 1 1 1 0 0 1 1 1 1 1 0 1 1 1 1 1 1 1 1 1 0 1 1 0 1 6 2 2 2 1 1 1 2 2 0 1 0 1 1 1 1 2 1 2 
0 1 1 1 1 1 0 0 1 1 1 1 1 1 1 1 1 0 1 1 1 1 1 0 1 0 1 1 0 1 1 1 1 1 1 1 0 1 0 0 1 1 1 1 0 1 1 1 1 1 1 1 1 1 1 1 1 0 1 1 3 1 1 0 0 1 1 1 1 1 1 1 3 1 1 0 1 0 1 1 1 1 0 1 1 1 1 1 1 1 1 0 1 1 0 1 1 0 0 1 1 1 1 1 1 1 1 1 1 1 1 1 1 1 1 1 1 1 0 0 1 1 1 1 1 1 1 1 1 1 1 1 0 1 0 0 1 1 1 1 1 1 2 1 0 1 2 2 2 0 0 2 2 2 1 1 2 1 1 1 
1 1 1 0 1 1 1 0 0 1 1 1 0 1 1 1 1 1 1 0 1 0 1 1 1 1 1 1 1 1 0 1 1 0 1 1 1 1 0 1 1 1 1 1 1 1 1 0 0 0 1 1 0 0 1 1 0 0 1 1 3 0 0 1 1 1 1 1 1 1 1 1 3 1 1 1 0 1 1 1 1 1 1 1 0 1 0 1 0 0 0 1 1 0 1 1 1 1 1 1 1 1 1 1 0 1 1 1 1 1 1 1 1 1 1 1 1 1 1 1 1 0 1 1 1 1 0 1 0 0 1 0 1 1 1 1 1 0 0 0 1 1 1 2 2 2 2 1 1 1 0 0 1 1 0 1 2 2 2 2 
3 3 3 3 3 3 3 3 3 3 3 3 3 3 3 3 3 3 3 3 3 3 3 3 3 3 3 3 3 3 3 3 3 3 3 3 3 3 3 3 3 3 3 3 3 3 3 3 3 3 3 3 3 3 3 3 3 3 3 3 3 0 1 1 1 1 1 1 1 0 0 1 3 1 1 0 1 0 1 1 1 1 1 0 1 0 1 1 0 1 1 0 1 1 1 1 0 1 1 0 1 1 1 1 1 1 1 1 0 0 0 1 1 0 1 1 1 1 0 0 1 1 1 1 0 1 1 1 1 0 1 1 1 0 0 1 1 1 1 1 0 0 0 0 1 2 0 2 2 0 0 1 2 1 0 2 1 2 2 2 
1 1 1 1 0 1 1 0 1 1 1 1 1 1 0 1 1 1 0 0 0 1 1 1 1 1 1 0 1 1 0 1 1 1 1 1 1 1 1 1 1 1 1 1 1 1 1 1 1 1 1 1 1 1 1 1 1 1 1 1 1 0 1 0 0 1 1 0 1 1 1 0 3 0 0 1 1 1 0 1 1 1 1 1 1 1 1 1 1 1 1 0 0 1 1 1 1 1 0 1 1 1 1 1 1 1 1 0 1 0 1 0 1 1 1 1 1 0 1 1 0 1 1 0 1 1 1 1 1 1 0 1 1 1 0 1 1 1 0 1 0 1 1 2 1 2 1 2 2 0 2 0 2 2 0 0 1 0 0 1 
1 1 1 1 1 1 0 1 1 1 1 0 1 1 1 1 1 0 0 1 1 1 1 1 1 0 1 1 1 1 1 0 1 1 1 1 1 0 1 0 1 0 1 1 1 1 1 0 1 0 0 1 0 1 1 1 0 1 0 0 1 1 1 1 1 1 1 0 1 1 1 1 3 0 1 1 1 1 1 1 1 1 0 1 1 1 1 1 1 1 0 1 1 1 1 0 1 1 1 1 1 1 1 1 1 1 1 1 1 0 1 1 1 1 1 0 1 1 1 1 1 1 1 0 1 1 1 0 1 0 1 1 1 1 1 0 0 1 1 0 1 1 2 0 2 1 2 0 1 1 0 1 1 2 0 2 0 1 2 1 
1 1 1 1 1 0 1 1 1 1 0 1 1 1 1 1 1 0 1 0 1 0 1 1 1 0 1 1 0 1 1 0 1 1 0 1 1 1 1 0 1 1 1 1 1 1 1 1 1 1 1 1 1 1 1 1 1 1 0 1 1 0 1 0 1 1 1 0 1 1 1 1 3 0 1 0 1 1 1 1 1 1 1 1 1 1 0 1 1 1 0 1 1 1 0 0 1 0 1 1 0 1 1 1 1 1 1 1 0 1 1 1 0 1 1 1 1 0 1 1 0 1 1 1 0 0 1 1 1 1 1 1 1 1 1 1 1 0 1 1 0 0 1 2 2 1 1 1 2 1 1 2 2 1 1 0 2 0 2 1 
1 1 1 1 1 1 0 0 0 1 0 1 0 1 1 1 0 0 1 1 1 1 0 1 1 1 1 1 0 1 0 1 1 1 1 1 1 1 1 1 0 1 1 0 0 1 1 1 0 1 1 0 1 0 1 1 0 1 0 1 0 1 1 0 1 1 1 0 1 0 1 0 3 1 0 0 1 1 1 1 0 1 1 1 1 0 1 1 1 1 1 1 0 1 1 0 1 1 1 0 1 1 1 0 1 1 1 1 1 0 1 1 1 1 1 1 0 0 0 0 1 0 1 1 0 1 0 1 1 1 1 1 0 0 1 1 1 1 1 1 1 1 2 1 1 2 2 1 0 1 2 0 1 2 1 1 0 1 2 2 
1 1 1 1 1 1 1 1 1 1 0 1 1 0 0 1 1 1 0 1 1 1 1 1 1 1 1 1 1 1 0 1 1 1 0 0 0 0 0 1 1 1 1 1 1 1 1 0 1 1 1 0 1 1 0 1 1 1 1 1 1 1 1 1 1 1 1 1 1 1 1 1 3 1 1 1 0 1 1 1 1 1 1 1 1 1 1 1 1 1 0 0 1 1 1 1 1 1 1 1 1 1 1 0 0 1 1 1 0 1 1 1 1 1 1 0 0 1 0 1 1 1 1 0 1 1 0 1 0 1 0 1 1 1 1 0 1 1 1 1 1 0 1 1 1 1 1 1 1 1 1 1 1 1 1 0 1 1 1 1 
1 1 0 0 1 1 1 1 1 1 1 1 1 0 1 1 1 0 1 1 0 0 1 0 1 0 1 1 1 1 1 1 1 1 1 1 1 0 0 1 0 1 0 1 1 1 1 1 1 1 1 0 0 1 1 1 1 1 0 1 1 1 1 1 1 1 1 1 1 1 1 1 3 1 0 1 1 1 1 1 1 1 0 1 1 1 1 0 1 1 1 1 1 1 0 1 1 1 1 1 1 1 1 0 1 1 1 1 1 1 1 1 1 0 1 1 1 1 1 1 1 0 1 1 1 1 1 1 1 1 1 1 1 1 1 1 0 0 1 1 1 1 1 1 1 1 0 1 1 1 1 1 1 1 1 0 1 1 1 1 
1 1 1 1 1 1 1 1 1 1 1 1 0 1 0 1 1 1 1 1 0 1 1 1 1 1 1 1 1 1 1 0 1 1 1 1 1 1 1 1 1 1 1 1 0 1 1 1 0 1 1 1 1 1 0 0 1 1 1 1 1 1 1 1 1 1 1 1 1 0 1 1 3 1 1 1 0 1 1 1 1 1 1 1 0 1 1 1 1 1 1 1 1 1 1 1 1 1 1 1 0 1 1 1 1 1 0 1 0 0 1 1 0 1 1 1 1 1 1 1 1 1 1 0 0 1 0 1 1 1 1 1 1 1 1 1 1 1 1 1 0 1 1 1 1 1 1 1 1 1 1 1 1 1 1 1 1 1 1 1 
0 1 1 1 1 1 1 1 0 1 1 1 1 1 0 1 1 1 1 1 1 1 1 1 1 1 1 1 1 0 1 0 0 0 1 1 1 1 1 1 1 1 0 1 1 0 1 1 1 1 1 1 0 1 1 1 1 1 0 1 1 1 1 1 1 1 1 1 1 1 1 1 3 1 1 1 1 1 0 1 1 1 1 1 1 1 1 0 1 1 1 1 1 1 1 0 1 1 1 1 1 1 1 1 1 1 1 1 1 1 1 1 1 1 1 1 1 0 1 1 1 1 1 1 1 1 1 0 1 1 1 1 0 1 0 0 1 1 1 1 1 1 1 1 1 1 0 1 1 1 1 0 1 1 1 1 1 1 1 1 
0 0 1 1 1 1 1 1 0 1 1 1 0 0 0 1 1 1 1 1 1 0 1 0 1 1 1 1 1 1 1 1 1 1 1 0 1 1 1 1 1 1 1 1 1 1 1 1 0 1 1 1 0 0 1 1 0 1 1 0 1 0 0 0 1 1 1 1 1 1 0 1 3 0 1 0 1 1 1 0 1 1 1 1 0 0 0 1 1 0 1 0 1 1 1 1 0 1 0 1 0 1 1 1 0 1 0 1 0 0 1 0 1 1 1 1 0 1 1 1 1 1 1 1 1 1 1 1 1 0 1 0 1 1 1 1 1 0 0 0 1 1 1 0 1 1 1 0 1 0 1 1 1 1 1 1 0 1 1 1 
1 1 1 1 1 1 0 1 1 1 1 1 1 1 1 0 1 1 1 1 1 1 1 1 0 1 1 1 1 1 0 1 0 1 1 1 1 1 0 1 1 1 1 1 1 1 0 1 1 1 1 1 1 1 1 1 1 1 1 0 1 0 1 1 0 1 1 1 1 1 1 0 3 1 1 1 1 1 0 1 1 0 1 0 1 1 1 1 1 1 0 1 1 0 0 1 0 1 1 1 0 1 0 1 1 1 0 1 1 1 1 1 0 1 1 0 1 0 0 1 1 0 1 1 1 0 1 0 1 1 1 0 1 1 1 0 1 1 1 1 1 0 1 1 1 1 1 1 1 1 0 1 0 1 0 1 0 1 1 1 
1 1 0 1 1 1 1 1 1 1 1 1 1 1 1 1 1 0 1 1 1 1 1 1 0 0 1 1 1 1 1 1 1 1 1 1 0 1 1 1 1 1 0 1 0 0 1 0 1 1 0 1 1 1 1 0 1 1 1 0 1 1 1 1 1 0 1 1 1 0 1 1 3 1 1 1 1 1 1 0 1 0 1 1 1 1 1 0 1 1 1 1 1 1 1 1 1 0 1 0 1 1 1 1 1 0 1 0 1 1 1 1 1 1 1 1 1 1 0 0 1 1 1 1 1 1 1 1 1 1 1 0 1 1 1 1 1 1 1 1 1 0 0 0 1 1 1 1 1 1 1 1 1 0 1 1 1 1 0 1 
