Start Coordinates: 27 10
End Coordinates: 72 157
Hard Terrain: (97, 19)
Hard Terrain: (22, 147)
Hard Terrain: (89, 47)
Hard Terrain: (69, 125)
Hard Terrain: (109, 135)
Hard Terrain: (71, 21)
Hard Terrain: (57, 69)
Hard Terrain: (0, 51)
0 1 0 1 1 1 1 0 1 1 0 1 1 1 0 1 0 1 1 1 1 0 1 1 1 1 1 1 1 1 1 1 1 0 1 1 2 0 0 1 2 1 2 0 2 0 2 0 2 0 2 2 2 2 1 0 2 0 2 3 2 0 0 2 2 1 2 1 1 0 0 1 0 1 0 0 1 1 1 1 1 1 1 1 0 1 1 1 1 0 0 1 1 0 1 3 1 1 0 1 0 1 1 1 0 1 1 1 1 0 0 0 1 1 1 1 0 1 0 0 1 0 0 0 1 1 1 0 0 1 1 1 0 1 1 0 1 0 1 3 1 1 0 1 0 1 1 1 0 0 1 1 1 1 1 1 1 0 0 0 
1 1 0 1 1 0 0 1 1 0 1 1 0 1 0 1 0 1 1 1 1 0 0 1 1 0 1 1 1 0 1 0 1 1 1 1 1 1 0 0 2 2 2 2 1 1 0 0 2 2 1 1 0 1 2 1 1 2 1 3 2 1 1 0 2 2 2 1 1 1 0 1 1 1 1 1 1 0 1 1 1 1 1 1 1 1 0 1 1 0 1 1 1 1 1 3 1 0 1 1 1 0 1 1 0 1 1 1 0 1 1 1 1 1 1 1 1 1 0 1 1 1 1 1 1 0 0 1 1 0 1 1 1 1 1 1 0 0 1 3 1 1 1 1 1 1 0 1 1 1 0 1 1 1 1 0 0 1 0 1 
1 1 1 1 1 1 1 1 1 1 1 1 1 1 1 1 1 1 0 1 1 1 1 1 1 1 1 0 1 1 1 1 1 0 1 1 2 0 1 2 0 1 1 2 2 2 2 0 0 1 2 0 1 1 2 1 1 0 2 4 1 1 2 1 0 2 2 0 1 0 1 1 1 0 1 0 1 1 1 1 1 1 0 0 0 1 1 1 1 1 1 1 1 1 0 3 0 1 0 1 1 1 1 0 0 1 1 1 1 1 0 1 1 0 1 1 1 1 1 1 1 1 1 0 1 1 1 1 1 1 1 1 1 0 1 1 0 0 1 3 1 0 1 1 0 0 1 0 1 0 1 1 1 1 0 1 1 1 1 1 
1 1 1 1 1 0 1 1 1 0 1 1 1 0 1 1 1 0 1 1 1 1 1 1 1 0 1 0 1 1 1 1 1 1 1 1 1 2 2 1 0 1 1 2 1 2 1 1 2 1 2 1 1 0 1 2 2 0 2 3 1 2 1 1 2 1 0 1 0 1 1 1 1 0 1 1 0 1 1 1 0 1 0 1 0 1 1 0 1 0 1 1 1 1 0 3 1 1 1 1 1 1 1 1 1 0 0 1 1 1 1 1 1 1 1 1 0 1 1 1 1 0 0 1 0 1 1 1 1 0 1 1 1 1 1 1 0 1 1 3 0 1 0 1 1 1 0 1 1 1 0 1 0 1 1 0 1 0 1 0 
1 1 1 1 1 1 1 0 1 1 1 1 1 1 1 1 1 1 1 1 1 1 1 1 1 1 0 0 1 1 1 0 1 1 0 1 1 1 2 1 0 0 2 1 2 2 1 1 2 1 2 0 0 2 2 2 2 1 2 3 2 2 1 2 2 1 1 1 0 1 1 1 0 0 1 1 1 1 1 1 1 1 1 1 1 0 0 0 1 1 1 0 1 1 1 3 1 1 1 1 1 1 1 1 1 0 1 0 0 1 1 0 1 1 1 1 1 1 1 1 1 1 1 1 0 0 0 1 0 1 1 1 1 1 1 1 0 1 0 3 0 1 1 1 0 0 1 1 1 0 1 1 1 1 1 0 1 0 1 1 
1 1 1 1 1 1 1 0 1 1 1 1 1 1 1 0 1 0 1 1 1 1 1 1 1 0 1 1 0 1 1 0 1 1 1 1 1 2 0 1 1 1 0 2 0 1 1 0 2 2 1 1 1 0 1 0 1 2 2 4 2 0 1 2 2 2 2 1 1 1 1 1 1 1 1 1 1 0 1 1 1 1 1 1 1 0 1 0 1 1 1 1 1 0 1 3 1 1 1 1 1 1 0 0 0 1 1 0 1 1 1 1 1 1 0 1 0 1 1 1 0 1 1 1 1 0 1 1 1 1 0 1 1 1 1 1 1 1 1 3 1 1 1 0 1 1 1 0 1 1 1 1 0 1 1 1 1 1 1 1 
1 1 1 0 1 1 0 0 1 0 1 1 1 0 1 1 1 1 1 1 1 1 1 1 0 1 1 1 0 1 1 0 1 1 1 1 1 2 0 1 0 0 1 2 2 2 2 0 0 0 2 0 1 2 0 2 1 1 1 3 0 1 2 0 2 2 0 1 1 1 1 1 1 1 1 1 1 1 1 1 1 0 1 1 0 1 1 1 1 1 1 0 1 1 1 3 1 1 1 1 1 1 1 0 1 1 1 1 1 1 1 0 1 1 0 1 1 1 0 1 0 0 1 1 0 1 1 1 1 1 1 0 1 1 1 1 1 1 1 3 1 1 1 1 1 1 1 1 0 1 1 1 1 1 1 1 0 1 1 1 
1 1 1 0 1 1 1 0 1 1 1 1 1 0 1 0 0 1 1 1 1 1 1 1 1 1 1 0 1 0 1 1 0 0 1 1 2 0 1 1 2 2 1 2 2 2 0 1 2 1 1 2 2 2 1 0 2 0 1 4 2 2 2 1 1 2 2 1 1 0 1 1 0 1 1 1 1 1 1 1 1 1 1 0 1 1 0 0 1 0 1 1 1 1 1 3 1 1 1 1 1 1 1 1 0 1 1 1 1 1 1 0 1 1 1 0 1 1 1 1 0 1 1 1 1 1 1 1 1 1 1 0 0 0 1 1 1 2 2 4 2 2 1 2 2 1 0 0 1 2 1 1 1 0 0 1 1 0 1 1 
1 1 1 1 0 0 1 0 1 1 1 0 1 1 1 1 1 1 0 1 1 1 1 1 1 1 0 1 1 1 1 1 1 1 0 1 1 2 1 2 1 2 0 0 0 1 2 0 1 1 0 0 2 2 1 1 1 1 1 3 2 1 1 0 1 1 0 1 1 0 0 1 1 1 0 1 1 1 0 1 1 1 1 0 1 1 1 1 1 0 1 1 1 1 0 3 1 0 1 1 0 1 1 0 1 1 0 0 1 0 1 1 1 1 1 1 0 1 1 1 1 1 1 1 1 1 0 1 1 1 1 0 2 2 1 1 1 0 2 4 1 0 2 1 1 1 2 2 0 1 0 2 2 2 2 2 2 2 1 2 
1 1 1 1 1 1 1 0 1 1 1 1 1 1 1 1 1 1 0 1 1 1 1 1 1 1 1 1 1 1 1 1 1 0 1 1 0 2 2 2 2 0 2 1 2 1 0 2 1 2 1 2 1 1 2 1 1 1 0 4 0 1 1 1 2 2 2 1 1 0 1 1 1 1 1 1 1 1 1 1 1 1 1 1 0 1 1 1 1 0 1 1 0 0 1 3 1 1 0 1 1 1 1 1 0 0 1 1 1 0 1 1 1 1 1 1 1 1 1 1 0 1 1 1 1 1 1 1 1 1 1 1 2 0 1 2 2 1 2 4 1 2 2 2 2 2 1 2 1 1 0 0 1 1 0 1 1 0 2 2 
1 1 1 1 1 1 1 1 1 1 1 1 0 1 1 1 1 1 1 0 1 1 1 1 1 0 1 1 0 0 0 1 1 1 0 1 0 2 2 2 1 2 2 2 2 1 0 2 2 1 1 0 2 0 2 1 0 2 2 4 0 2 1 1 1 0 1 1 0 1 1 1 1 1 1 0 1 1 1 1 1 1 1 1 1 0 0 0 0 1 1 0 1 1 1 3 1 0 1 1 1 0 1 1 1 1 1 1 1 1 1 1 1 1 1 0 1 1 1 1 1 1 0 0 1 1 1 1 1 1 1 1 0 2 1 2 2 2 2 3 2 0 2 1 2 1 1 1 2 2 1 0 1 1 1 2 0 1 2 1 
1 1 1 1 1 0 0 0 0 1 1 1 1 1 1 0 1 0 1 1 1 1 1 0 0 1 1 1 1 1 1 1 0 1 0 1 1 0 2 2 1 2 1 0 1 1 0 2 2 2 2 2 0 2 0 1 1 0 2 4 0 0 2 1 2 2 2 1 1 1 1 1 1 1 1 1 0 1 1 1 1 1 1 0 0 1 1 1 0 0 1 0 0 1 1 3 0 1 1 1 1 1 1 1 1 1 1 1 1 1 1 1 1 1 1 1 1 0 1 1 1 0 1 1 1 1 1 1 1 1 0 1 2 2 1 1 0 2 2 3 1 1 0 2 2 0 2 2 2 0 1 1 1 1 1 0 0 2 1 0 
1 0 0 1 1 1 1 0 1 1 1 1 1 1 1 1 1 1 1 1 1 1 1 1 1 1 1 1 1 1 1 1 1 1 1 1 2 2 2 1 2 1 1 1 1 1 2 1 1 2 0 2 1 0 2 2 2 1 1 4 0 1 1 1 1 2 0 1 1 1 1 1 1 0 1 1 1 1 0 1 1 0 0 1 1 1 1 1 1 1 1 1 0 0 1 3 1 1 1 0 1 1 0 1 0 1 1 1 0 1 1 1 1 1 1 1 1 1 1 0 1 1 1 1 1 1 1 0 1 1 1 1 1 2 2 2 1 0 1 3 2 2 0 2 0 2 1 1 1 1 0 1 1 1 2 2 1 0 1 0 
1 1 1 0 1 1 0 1 1 0 1 0 1 1 1 1 0 1 1 1 1 1 1 0 1 1 1 1 1 1 1 1 1 1 1 1 1 0 0 1 1 2 2 2 2 1 1 2 2 2 2 0 1 1 2 1 2 2 1 3 0 2 1 1 1 2 2 0 1 1 1 1 1 1 1 1 1 1 1 1 0 1 0 0 1 1 1 1 1 1 1 1 1 1 1 3 1 1 1 0 1 1 0 1 1 1 1 0 1 1 1 1 1 0 1 0 0 0 1 1 1 1 1 1 1 1 1 1 1 1 1 1 1 0 1 1 1 2 0 3 1 0 2 2 2 0 1 2 1 2 2 2 0 2 1 2 2 0 1 1 
1 1 1 1 1 1 1 0 0 1 1 0 0 0 1 1 1 0 1 0 1 1 1 0 1 1 0 1 0 1 1 0 1 1 0 1 2 0 1 2 2 1 2 1 1 2 2 0 1 0 2 2 0 2 0 2 1 2 2 3 2 1 2 2 2 0 1 0 1 1 1 1 1 1 1 1 1 0 1 1 0 1 1 1 0 1 0 1 1 1 1 1 1 1 1 3 1 1 1 1 0 1 1 1 0 1 1 0 1 1 1 0 1 1 1 1 1 0 1 1 1 1 1 0 1 1 0 1 1 1 1 1 1 2 1 2 0 1 2 3 2 1 0 2 0 2 2 0 2 1 2 2 0 2 1 2 0 0 2 0 
1 0 0 0 0 1 1 1 1 0 0 1 1 1 1 1 0 1 1 1 0 1 1 0 1 1 1 1 1 1 0 1 1 1 1 1 2 1 0 0 1 1 2 2 0 1 2 2 0 2 0 2 2 0 0 2 2 2 1 3 2 2 2 0 0 2 1 1 1 1 1 1 1 1 1 1 1 1 1 1 0 1 1 1 0 1 1 0 1 1 1 1 1 1 1 3 0 1 1 1 0 0 1 1 1 1 1 1 1 1 1 0 1 1 1 1 0 1 0 1 1 1 1 1 1 1 1 1 1 1 1 1 1 2 1 2 1 2 2 3 0 0 1 2 1 1 1 2 2 2 1 2 1 2 0 1 1 1 0 1 
0 0 1 1 1 1 1 1 1 0 1 1 1 0 1 0 0 1 1 1 1 1 0 1 1 0 1 1 1 1 1 0 1 1 1 0 1 1 1 1 0 1 0 1 1 1 1 0 1 1 1 1 1 0 1 0 1 1 1 3 1 1 1 1 1 1 1 0 1 1 1 1 1 1 1 0 1 1 0 1 1 1 1 0 0 1 1 1 1 1 1 0 1 1 1 3 0 0 1 1 1 0 1 0 1 1 0 1 1 0 1 1 1 1 1 0 1 1 1 0 1 1 1 0 0 1 1 1 1 1 1 1 1 0 2 0 1 2 1 4 1 0 2 1 2 0 1 2 1 1 0 2 2 2 1 1 2 2 1 1 
1 1 0 0 1 1 1 0 1 1 1 1 1 1 1 1 1 1 0 1 0 0 1 1 1 1 1 0 1 1 1 1 1 0 1 1 1 1 0 1 1 0 0 1 1 1 1 1 1 0 0 1 1 1 1 1 0 1 1 3 1 1 0 1 1 0 1 1 1 1 1 1 1 1 1 1 1 1 0 1 0 1 0 1 1 1 0 1 1 1 1 1 1 1 1 3 1 1 1 1 0 1 1 1 0 1 1 1 0 0 1 1 1 1 1 1 1 1 1 1 0 0 1 1 1 1 1 1 1 1 1 1 1 0 2 2 2 1 1 4 2 2 2 2 1 2 2 1 0 2 2 2 1 1 1 1 0 1 2 2 
1 1 1 1 1 1 1 1 1 0 1 1 1 1 0 1 1 1 0 1 1 1 0 1 1 1 1 1 1 1 1 1 1 1 1 1 1 1 1 0 1 1 0 1 0 1 1 1 1 0 1 0 1 0 0 1 1 1 1 3 1 0 1 0 1 1 1 1 0 0 1 1 1 1 1 0 1 1 1 1 0 1 0 1 1 0 1 1 0 0 1 0 1 0 1 3 0 0 0 1 1 0 1 1 1 0 1 1 1 1 1 1 1 0 1 1 1 1 1 1 1 1 1 0 1 1 0 1 1 0 1 1 2 1 1 2 1 2 1 3 2 0 2 1 1 1 2 2 1 1 1 2 1 2 1 0 0 1 1 1 
1 1 1 1 1 1 1 1 1 1 1 1 0 1 1 1 1 1 1 1 1 1 1 1 1 1 1 0 1 1 1 1 1 1 1 1 0 0 1 1 1 1 1 1 1 1 1 1 1 1 1 1 1 1 1 0 0 1 1 3 0 1 0 1 0 1 1 1 1 1 1 0 1 1 1 1 1 1 1 0 1 0 1 1 0 0 1 1 1 1 1 1 1 1 1 3 1 0 1 1 1 1 1 0 1 1 1 1 0 0 0 0 1 1 1 1 1 1 0 0 1 1 1 1 0 1 0 1 1 1 1 1 2 2 1 0 1 0 0 3 2 1 1 2 0 1 2 1 2 1 2 1 0 1 2 1 1 2 2 0 
1 1 0 0 1 1 1 0 1 1 1 1 1 1 0 1 1 1 1 1 1 0 1 0 1 0 1 1 1 1 1 1 0 0 1 1 1 1 1 0 0 0 0 0 1 0 0 1 1 0 1 1 1 1 1 1 1 0 0 3 1 0 1 1 0 0 0 1 1 1 1 0 0 1 0 1 0 0 1 1 1 1 1 1 1 1 1 1 1 1 1 1 1 1 1 3 1 1 1 1 0 1 1 1 1 1 1 1 1 0 0 1 1 1 0 1 0 1 1 1 0 1 1 1 1 1 1 1 1 1 1 1 0 0 1 1 1 0 1 3 2 2 1 1 1 1 1 0 0 1 2 1 1 1 1 1 0 2 0 2 
1 1 0 1 1 1 1 1 0 1 1 1 1 1 1 0 1 1 1 1 1 1 1 0 1 1 1 1 0 1 0 1 1 1 1 1 1 1 1 0 1 1 1 1 1 1 0 1 0 1 1 1 1 1 1 1 1 1 1 3 1 1 1 1 0 1 0 0 1 1 1 1 1 1 0 1 1 1 1 1 1 1 1 1 0 1 0 1 1 1 1 1 1 1 1 3 1 1 1 1 1 1 1 1 1 1 1 1 1 1 1 1 0 0 1 1 1 0 1 1 1 1 0 0 1 1 1 0 1 1 1 1 2 1 1 0 2 2 2 4 1 1 1 0 1 2 0 2 1 1 1 0 2 1 2 1 1 1 2 2 
1 1 0 1 1 1 1 1 1 1 0 1 1 1 1 1 1 0 1 1 1 1 1 1 1 1 0 1 1 1 1 1 0 1 1 1 1 1 1 1 1 1 1 1 1 1 1 1 1 1 1 1 1 1 1 1 0 1 1 3 0 1 1 1 0 1 1 0 1 1 0 0 0 1 1 1 0 1 1 1 1 1 0 1 1 1 1 1 1 1 0 0 1 1 1 3 1 1 1 1 1 1 1 1 1 1 1 1 1 1 0 1 1 1 1 1 1 1 1 0 1 1 1 1 1 0 1 1 0 1 1 0 1 2 0 0 0 1 2 3 1 0 2 2 1 2 2 1 1 2 2 1 0 0 1 2 0 2 0 1 
1 1 1 0 1 1 1 1 1 0 1 1 1 0 1 1 1 0 1 1 1 1 1 1 1 1 0 1 1 1 0 1 1 0 1 1 1 0 1 1 1 0 1 1 1 1 1 1 0 0 1 1 0 1 1 1 1 1 1 3 1 0 1 1 1 1 1 1 1 1 0 1 1 0 1 0 1 1 1 1 1 1 0 0 1 1 1 1 1 1 1 1 1 1 0 3 1 1 1 1 1 0 1 1 1 0 1 1 1 1 1 1 1 1 1 1 1 1 1 1 1 1 1 1 1 1 1 1 0 1 1 1 1 2 0 1 2 1 2 4 2 0 1 0 1 2 2 2 1 2 1 2 0 1 2 1 2 2 0 2 
1 1 1 1 1 0 1 1 0 1 1 1 1 0 0 1 0 1 1 1 1 1 1 1 0 0 1 1 1 1 1 1 1 1 1 1 1 1 1 0 1 1 1 1 1 1 1 1 0 0 0 1 1 1 1 1 1 1 1 3 0 1 1 0 1 0 1 1 1 1 1 1 1 1 1 0 0 1 1 1 1 1 1 1 1 1 1 1 1 1 0 1 1 1 1 3 1 1 0 1 0 1 1 1 1 1 1 0 1 1 1 1 0 1 1 1 1 1 1 1 1 1 1 1 0 1 1 1 0 0 0 1 1 2 2 2 1 2 0 3 1 0 1 1 1 2 2 2 0 1 0 0 1 2 2 1 2 1 2 1 
1 0 1 1 1 0 1 1 1 1 0 1 0 1 0 1 1 1 1 1 1 1 1 1 1 1 0 1 1 1 0 1 1 0 1 1 1 1 1 1 1 1 0 1 1 1 1 1 1 1 1 1 1 1 0 1 1 1 1 3 1 1 1 1 1 1 1 1 1 1 1 0 0 1 1 1 1 1 0 1 0 1 0 0 1 0 1 0 1 1 1 1 0 1 1 3 1 0 1 1 1 0 1 1 0 1 1 0 1 1 1 1 0 1 1 1 0 0 1 1 1 1 1 1 1 1 0 1 1 0 1 1 2 0 1 2 0 2 2 4 1 2 2 1 2 2 2 1 2 0 1 2 1 0 0 1 1 1 1 1 
0 1 0 1 1 1 0 1 0 1 1 1 1 1 1 1 1 1 1 1 1 1 0 1 1 0 1 1 1 0 1 1 1 0 0 1 1 1 1 1 1 0 0 1 1 1 1 0 1 1 1 1 1 1 1 1 1 1 1 3 0 1 1 1 0 1 0 1 1 1 1 0 1 1 0 1 1 0 0 1 1 1 1 1 0 1 1 1 1 1 1 1 1 1 0 3 1 1 1 1 1 1 1 1 1 1 1 1 1 1 1 0 1 1 1 1 1 0 1 0 1 1 1 1 1 1 0 1 1 1 1 1 1 2 2 1 1 0 1 3 0 2 2 1 0 1 2 1 1 0 0 2 2 1 0 2 2 1 0 2 
1 1 1 1 0 1 1 1 1 1 5 1 1 1 1 0 1 1 1 1 1 1 0 1 1 0 1 1 1 1 1 1 0 0 1 1 1 0 0 1 1 0 0 1 1 1 1 1 1 1 1 1 1 1 1 1 1 0 1 3 1 1 1 1 1 1 1 1 1 1 1 1 1 1 0 1 1 0 1 1 1 1 1 1 1 1 1 1 1 1 1 1 1 1 1 3 1 1 1 0 0 1 1 1 0 1 1 1 1 1 1 1 1 1 1 1 1 1 1 1 1 1 1 1 1 1 1 1 1 1 1 1 0 0 2 0 1 1 2 4 1 1 2 0 2 1 2 1 1 1 2 1 2 1 0 1 2 0 1 1 
0 0 1 1 1 1 1 1 1 1 1 1 1 0 1 0 0 1 1 1 1 0 0 1 1 1 0 1 1 1 1 1 1 0 1 1 1 0 1 0 1 1 1 1 1 1 0 1 1 1 1 1 1 1 0 1 0 1 1 3 1 1 1 0 1 1 1 1 1 1 1 0 1 1 1 1 0 1 1 1 1 1 1 1 0 1 1 1 1 1 1 1 1 1 1 3 1 1 1 1 0 1 1 1 1 1 1 0 1 1 1 0 1 1 1 1 1 1 1 1 1 1 1 0 0 1 1 0 0 1 0 0 1 0 1 1 0 2 1 4 1 2 1 2 2 1 1 0 2 1 1 2 1 1 2 2 1 1 1 1 
0 1 1 1 1 0 1 1 1 0 1 1 1 0 0 1 1 1 1 0 1 1 1 1 1 1 1 1 1 1 1 1 1 1 1 1 1 1 1 1 1 1 1 1 1 1 1 1 0 0 1 1 1 1 1 1 1 0 1 3 0 1 0 1 1 0 1 1 1 1 0 0 1 1 1 1 1 1 1 1 0 1 0 1 1 1 0 1 1 1 1 1 1 1 1 3 1 0 1 1 0 1 1 1 1 0 1 1 0 1 1 0 1 1 1 1 0 0 0 1 1 1 1 1 1 1 1 1 1 1 1 0 2 2 2 1 0 0 1 4 1 0 2 1 0 2 1 1 1 2 1 1 1 1 1 0 2 1 1 1 
1 1 0 0 0 1 1 1 1 1 1 1 1 0 0 1 1 1 1 1 1 1 0 0 1 1 1 1 0 1 1 1 0 0 0 1 1 1 0 1 1 1 1 1 0 1 1 1 1 1 1 1 1 1 1 1 0 1 1 3 0 1 1 1 0 1 1 1 1 1 1 0 1 1 1 1 1 1 1 1 0 1 1 0 1 1 0 1 1 1 1 1 1 1 0 3 1 1 0 1 1 1 1 1 1 1 1 1 1 1 1 1 1 0 0 1 1 1 1 1 1 0 1 1 1 0 0 1 1 0 1 1 2 1 2 2 0 2 0 3 2 2 2 0 1 2 2 1 0 2 2 1 2 2 1 1 1 1 1 1 
1 0 1 1 0 1 1 0 0 1 1 1 1 1 1 1 1 0 1 1 1 1 1 1 0 1 1 0 1 1 0 1 1 1 0 1 1 0 1 1 1 1 1 1 1 1 1 1 0 1 1 1 1 1 1 1 0 1 1 3 1 1 1 1 1 1 0 1 0 1 1 1 1 0 1 1 1 1 1 1 0 1 1 0 1 1 1 0 0 1 1 1 1 1 1 3 1 1 0 1 1 0 1 0 1 1 0 1 0 1 1 1 0 1 1 1 0 1 1 1 1 1 1 1 1 1 1 1 1 1 1 1 2 2 2 1 0 2 2 3 2 0 2 1 1 1 1 2 1 1 0 2 0 2 1 2 1 0 2 2 
1 0 1 1 0 1 0 1 0 1 1 1 1 1 1 0 1 0 1 0 1 1 1 0 1 0 0 1 1 1 0 0 1 1 0 1 1 1 0 1 1 0 1 0 1 1 1 1 1 1 1 0 1 1 1 0 1 1 1 3 1 1 1 1 1 1 1 1 1 1 1 1 1 0 1 1 1 1 1 1 0 0 1 1 1 1 1 1 0 1 1 1 0 1 1 3 1 1 1 1 1 1 1 1 1 1 1 1 1 1 0 1 0 1 1 1 1 1 1 1 1 1 1 1 1 1 1 1 1 1 1 1 0 2 1 1 1 1 0 4 2 2 1 1 0 0 1 2 2 2 1 1 2 0 2 1 1 1 1 1 
1 1 1 1 1 1 1 1 0 0 0 1 1 0 1 0 1 1 0 1 1 1 1 1 1 1 0 1 1 1 1 1 0 1 1 1 1 0 0 1 1 1 1 1 1 1 1 0 1 0 1 0 1 1 1 1 1 1 1 3 1 1 1 1 1 1 1 1 1 1 0 1 0 1 1 1 1 0 1 0 1 1 0 0 1 1 1 1 1 1 0 0 1 1 1 3 0 1 0 1 1 1 1 0 0 0 0 1 1 1 1 1 1 0 1 1 1 1 1 0 1 1 0 1 1 1 1 1 1 1 0 1 1 1 2 2 0 2 2 4 1 2 1 0 1 0 2 2 0 2 0 2 1 1 2 2 2 2 0 2 
1 1 1 1 1 1 0 1 1 1 1 1 1 1 1 1 1 1 1 0 0 1 1 1 1 1 1 1 1 1 0 0 0 0 0 1 1 1 1 0 1 1 1 1 1 1 1 1 1 1 1 1 1 1 1 1 0 0 1 3 1 1 0 0 1 1 1 0 1 1 1 1 1 1 1 1 1 0 1 0 0 0 1 0 1 1 1 1 0 1 1 1 1 1 1 3 1 1 0 1 1 1 1 1 1 1 0 1 0 1 0 0 1 1 1 1 1 1 1 1 1 0 1 1 1 1 1 1 1 1 1 1 1 1 2 1 2 1 1 3 1 2 2 1 0 1 0 1 2 0 1 2 1 1 1 2 2 2 0 2 
1 1 1 1 1 1 1 1 1 1 0 1 1 1 0 1 1 0 1 0 1 1 0 0 1 1 1 1 1 1 0 1 1 0 1 1 1 1 1 0 1 1 0 1 1 1 1 0 1 0 0 1 1 0 1 1 1 0 1 3 0 1 1 1 0 1 1 1 1 1 0 1 1 0 1 1 0 1 1 1 1 1 1 0 1 1 1 0 0 1 1 1 0 1 1 3 1 1 1 1 0 1 1 0 1 1 1 1 1 0 1 0 1 0 1 0 0 1 0 1 1 1 1 1 1 1 1 1 0 0 1 1 0 0 1 0 1 2 1 3 1 1 0 0 1 1 2 1 1 2 1 2 1 2 2 1 1 1 1 0 
1 0 1 1 0 1 0 1 1 1 1 1 0 1 0 1 0 1 1 0 1 1 1 1 1 1 0 1 1 1 1 0 0 1 1 0 1 1 0 1 1 0 0 1 1 1 1 1 1 1 1 1 0 0 1 1 1 1 1 3 1 1 1 1 0 0 0 1 1 0 0 1 1 1 1 1 1 1 0 1 0 1 0 1 1 0 0 1 1 0 0 1 1 1 0 3 0 1 0 0 1 0 1 1 1 1 1 0 1 1 0 1 1 1 0 1 1 0 1 1 1 1 1 1 1 1 0 1 1 1 1 1 2 2 1 0 1 2 0 4 1 0 1 1 0 1 2 1 2 2 0 1 1 2 1 1 0 2 1 2 
0 1 0 1 1 1 1 1 1 1 1 1 1 1 1 1 1 1 0 1 0 1 0 1 1 0 0 1 0 1 1 0 1 1 1 1 1 1 1 1 1 1 0 1 0 1 1 1 1 0 1 1 0 1 1 1 1 1 1 3 1 1 1 0 0 0 1 1 1 1 1 1 1 1 1 1 1 1 1 1 1 1 1 1 1 1 1 1 0 0 1 1 1 1 0 3 1 1 1 0 1 1 1 1 0 1 1 1 1 1 0 1 1 1 1 1 1 0 1 1 1 1 1 0 1 1 1 1 1 1 1 1 0 1 2 2 1 2 0 3 2 2 2 2 1 2 2 0 1 1 0 2 1 1 1 0 1 0 2 2 
1 1 1 1 1 1 1 1 0 1 1 1 0 1 1 1 1 1 1 1 1 1 1 0 1 0 1 1 1 1 1 0 1 1 0 1 1 1 1 1 1 1 1 1 0 1 1 1 1 1 1 1 1 0 1 1 1 1 1 3 1 0 0 1 1 1 1 1 1 1 1 0 0 0 1 0 1 1 1 1 1 1 1 1 1 1 1 1 1 1 1 1 0 1 1 3 1 0 1 0 1 1 1 0 1 1 1 1 1 1 1 1 1 0 0 1 1 1 1 0 1 1 1 1 1 1 1 1 1 1 1 0 0 1 1 0 1 1 0 3 0 0 1 1 1 1 0 1 1 1 1 1 1 1 1 1 1 1 1 1 
1 1 1 0 1 1 0 1 1 1 1 1 1 1 1 0 1 1 1 1 1 1 1 1 0 1 1 1 1 1 1 1 0 1 1 1 1 1 1 1 1 1 0 1 1 1 1 1 1 1 1 1 1 1 1 0 0 1 0 3 3 3 3 3 3 3 3 3 3 3 3 3 3 3 3 3 3 3 3 3 1 0 1 1 1 1 1 1 1 0 0 1 1 1 0 3 1 1 0 1 0 0 1 1 1 0 1 1 1 1 1 1 1 1 1 1 1 1 1 0 1 1 1 0 1 1 1 0 1 1 1 1 1 1 1 1 0 0 1 3 1 1 1 1 1 1 1 0 1 1 1 1 1 1 1 1 1 0 1 0 
1 0 0 1 1 0 1 0 0 1 1 0 0 0 1 1 1 1 1 1 1 0 1 1 0 1 1 1 1 1 1 1 1 1 1 0 1 0 0 1 0 1 1 1 0 1 0 0 1 1 0 1 1 1 1 1 1 1 1 0 1 1 1 0 0 1 0 1 1 0 1 0 1 1 1 1 1 1 0 3 0 1 1 1 1 0 1 1 1 1 1 0 1 0 1 3 1 1 0 1 0 1 0 1 1 1 1 1 1 1 1 1 1 0 1 1 1 1 1 1 0 1 0 1 1 1 1 1 1 1 1 1 0 1 1 0 0 1 1 3 0 1 1 1 0 1 0 0 1 1 1 1 1 1 1 1 1 1 1 1 
0 1 1 1 1 1 1 1 1 1 0 1 1 1 1 1 1 0 0 1 1 1 1 1 0 1 1 1 1 1 1 1 1 1 1 1 1 1 1 1 0 1 1 1 0 1 1 1 0 1 1 1 1 1 1 0 1 1 1 0 1 1 1 1 1 1 1 1 1 1 0 1 1 1 1 1 1 1 1 3 0 1 0 1 1 1 1 1 1 1 0 0 1 1 1 3 1 0 1 1 0 0 0 1 1 1 1 1 0 1 1 1 0 1 1 1 0 0 1 1 1 1 1 0 1 0 1 1 1 0 1 1 1 1 1 1 0 1 0 3 0 1 1 1 1 1 1 1 0 1 1 1 1 1 1 1 1 1 1 0 
1 1 1 1 1 1 1 1 1 0 1 1 1 1 0 0 1 1 0 1 0 1 0 1 0 1 1 1 1 1 1 1 1 1 1 1 1 0 1 0 1 1 1 0 0 1 0 1 1 0 1 1 0 0 2 2 0 1 1 2 1 0 1 1 0 1 2 2 0 1 2 2 2 1 0 2 1 2 2 4 0 2 2 2 2 1 1 0 0 1 1 1 1 1 1 3 1 1 1 1 0 1 1 1 1 1 1 1 1 1 1 1 1 1 1 0 1 1 1 1 0 1 1 1 1 1 1 1 1 1 0 1 1 1 1 1 1 1 1 3 1 1 1 1 1 0 1 1 1 1 1 1 0 1 1 1 1 1 0 0 
1 1 1 1 0 1 1 1 0 1 1 1 1 0 0 1 1 0 0 1 0 1 1 1 0 1 0 0 0 1 0 1 1 1 1 1 1 1 0 0 1 1 1 0 1 1 1 1 1 0 1 0 0 1 0 2 1 0 2 2 1 2 2 0 2 2 1 0 0 2 2 0 2 0 2 2 1 2 2 4 2 1 1 0 1 1 1 1 0 1 0 0 1 1 1 3 1 1 0 1 1 1 1 1 1 0 1 1 1 1 1 1 0 1 0 1 1 1 0 1 1 1 1 0 1 1 1 1 1 1 1 1 1 0 1 1 1 1 1 3 1 0 1 1 1 1 1 0 0 0 1 1 1 0 0 1 1 1 1 1 
1 1 1 1 1 1 0 0 1 1 0 1 1 1 1 0 1 1 1 1 1 1 1 1 1 0 1 1 1 1 1 0 1 1 0 1 1 1 1 1 0 1 1 1 1 1 1 0 0 1 1 1 1 1 2 0 1 1 1 2 2 2 1 1 1 1 1 1 2 2 0 1 2 1 1 0 1 1 2 3 2 0 1 1 2 1 1 1 1 1 1 1 1 0 1 3 1 1 1 1 1 0 1 1 0 1 1 0 0 1 0 1 1 1 0 1 1 0 1 0 1 1 1 1 1 1 1 1 0 0 1 0 1 0 1 1 1 1 1 3 0 1 0 1 0 1 1 1 1 1 1 1 1 1 1 1 1 0 1 1 
1 1 0 1 1 0 1 1 0 1 1 1 1 1 1 0 0 1 1 1 1 0 1 1 1 1 0 1 1 1 1 1 1 1 1 0 1 1 1 0 1 1 0 1 1 0 1 1 1 1 1 1 1 1 2 2 1 1 2 1 1 2 1 1 0 0 1 2 0 1 2 1 2 2 1 2 1 0 2 3 0 1 2 2 1 1 1 1 1 1 0 1 1 1 0 3 0 1 1 1 1 0 1 1 1 0 1 1 1 0 1 1 1 1 0 1 1 1 1 1 1 1 1 1 1 0 1 1 1 1 0 1 1 1 0 1 1 1 1 3 1 1 1 1 1 1 1 1 1 1 1 1 1 1 1 1 1 1 1 1 
1 1 1 1 0 1 1 1 1 1 0 1 1 1 1 1 1 1 1 1 1 0 1 0 1 1 1 1 1 1 1 0 1 1 1 1 1 1 0 1 1 1 1 1 1 1 1 1 1 0 1 1 1 1 1 2 2 1 2 1 1 2 1 0 2 1 0 2 2 0 2 0 1 1 1 1 0 2 2 3 2 2 1 2 0 1 1 0 1 1 0 1 1 0 1 3 1 1 1 1 1 0 1 1 1 1 0 1 1 1 1 1 1 1 1 0 1 1 0 1 1 0 1 1 1 0 1 1 0 1 1 0 1 1 1 1 1 1 1 3 1 1 1 1 1 0 1 1 1 1 0 1 1 1 1 1 1 1 1 0 
0 1 0 1 1 0 1 1 1 0 1 1 0 1 1 1 1 1 0 0 1 1 1 1 1 1 0 1 1 1 1 1 1 1 0 0 1 1 1 1 0 1 1 1 1 1 1 1 0 0 1 0 1 1 1 1 2 1 2 1 1 1 2 1 1 1 0 1 2 1 2 1 1 0 2 2 2 2 2 3 0 2 1 1 2 1 0 1 0 1 1 0 0 1 1 3 1 1 1 1 1 1 1 1 1 1 1 1 1 1 1 1 1 0 1 1 1 1 1 0 0 0 1 1 1 0 1 1 1 1 1 1 1 1 0 1 0 1 1 3 1 1 1 1 1 1 1 1 1 1 1 1 1 1 1 1 1 1 1 1 
1 1 1 1 0 0 1 0 1 0 1 0 1 1 1 1 1 1 1 1 1 1 1 1 1 1 1 1 1 1 0 0 1 1 0 1 1 1 1 1 1 1 1 0 0 1 1 1 0 1 1 1 1 1 1 2 0 1 1 1 0 2 0 1 0 2 1 2 2 2 2 1 2 1 2 0 1 1 2 3 1 2 1 0 2 1 1 1 1 0 0 0 1 1 1 3 1 1 1 1 0 0 1 1 1 1 1 1 0 0 1 1 1 0 1 1 1 0 1 1 1 0 1 1 1 1 1 1 1 1 1 1 0 1 1 0 1 1 1 3 0 1 1 1 1 1 0 1 0 1 0 0 1 1 1 1 1 1 1 1 
1 1 1 1 1 1 0 1 1 1 1 1 1 1 1 1 0 1 1 1 1 1 1 1 1 0 1 0 1 1 0 1 1 1 1 1 1 1 1 0 1 0 1 1 0 1 1 0 1 1 0 1 1 1 0 1 1 1 1 0 1 1 1 2 1 1 1 1 1 1 2 2 1 2 0 0 1 2 2 3 0 2 2 0 0 1 1 1 1 1 1 1 1 1 1 3 1 0 0 0 1 0 1 0 1 1 1 1 1 1 0 0 1 0 1 1 1 1 0 0 1 1 1 1 1 1 0 1 1 1 1 0 1 0 1 1 1 0 0 3 1 1 0 1 1 1 1 0 0 1 1 0 1 1 1 1 1 1 0 1 
1 1 0 1 1 1 1 0 0 1 1 0 1 1 1 1 1 1 1 1 0 1 1 1 1 1 1 0 1 1 0 0 1 1 1 1 1 1 1 1 1 1 1 1 1 1 1 1 1 1 1 0 1 1 0 0 2 1 2 2 0 1 1 1 1 2 0 1 1 2 0 0 1 2 2 1 0 2 2 4 2 2 1 1 0 1 1 1 1 1 1 1 1 0 0 3 1 1 1 1 1 1 1 1 0 1 1 1 0 1 1 1 1 0 1 1 1 1 1 1 1 1 1 1 1 1 1 1 0 1 1 1 0 1 0 1 1 0 1 3 1 1 1 1 1 1 1 0 1 1 1 1 1 1 1 0 1 1 0 1 
1 1 1 1 1 1 1 1 1 1 0 0 1 1 1 1 1 0 1 1 1 1 1 0 1 0 1 1 1 0 0 1 0 1 1 1 1 0 1 0 1 1 1 1 1 1 1 1 1 1 1 1 0 1 2 2 1 0 2 2 0 0 2 1 2 1 1 0 1 2 2 0 1 0 2 1 1 2 2 4 1 2 2 1 0 1 1 1 1 1 1 1 0 1 1 3 1 0 1 0 1 0 1 1 1 1 1 1 1 1 1 0 1 1 1 1 1 1 1 1 1 1 0 0 1 1 1 1 1 1 1 1 1 1 0 1 1 1 0 3 1 0 1 0 0 0 1 1 1 1 1 1 1 0 1 1 1 1 0 1 
1 1 1 1 1 0 1 1 0 1 0 0 1 1 1 1 1 1 1 1 1 1 1 1 0 0 1 1 1 1 1 1 1 1 1 1 1 0 1 0 1 1 1 1 0 1 1 1 1 1 1 1 1 1 2 2 2 2 1 2 1 1 2 2 1 2 1 2 1 1 2 0 1 0 1 0 2 1 2 4 1 2 2 2 2 1 1 1 1 1 1 1 1 1 1 3 1 1 1 1 1 0 1 1 1 1 1 1 1 1 0 1 0 0 1 1 1 0 0 1 1 1 1 1 1 1 1 1 1 1 1 1 1 0 1 1 1 1 1 3 1 0 1 1 0 1 1 1 1 1 1 1 0 0 1 1 1 1 0 1 
1 1 1 0 1 1 1 0 1 1 1 0 1 1 1 0 1 1 1 1 0 1 1 1 1 1 1 1 0 1 1 1 1 0 1 1 1 1 1 1 1 0 1 1 1 1 1 1 1 1 1 1 1 1 2 1 2 1 0 0 2 1 0 1 2 0 2 0 0 0 1 2 1 1 2 2 1 0 0 3 1 2 2 2 1 1 1 1 1 1 1 1 1 0 1 3 1 1 1 0 1 1 1 1 1 1 1 1 1 1 1 1 1 1 1 0 1 1 1 1 1 1 1 0 1 0 0 1 1 1 1 1 1 1 0 1 1 1 1 3 0 1 1 1 0 1 1 1 1 1 0 1 1 1 1 1 1 1 1 1 
1 1 1 1 1 0 1 1 1 1 1 0 1 1 1 1 1 1 1 1 1 0 1 1 0 1 1 1 0 1 1 1 0 1 1 0 1 0 1 1 1 1 1 1 0 1 1 0 1 1 1 0 1 1 2 2 1 1 2 1 0 1 0 0 0 2 2 1 1 0 2 0 0 1 1 1 2 1 2 3 1 2 0 2 2 1 1 1 1 1 1 0 1 0 1 3 0 0 0 1 1 0 1 0 1 1 0 1 1 1 2 2 0 2 0 0 1 2 2 2 2 2 1 0 1 0 0 1 1 1 0 0 1 1 2 2 0 1 0 3 2 0 1 1 1 0 1 0 1 1 1 1 0 1 1 1 1 1 1 1 
1 1 1 1 1 1 0 1 1 0 1 1 1 0 1 1 1 1 1 1 1 0 1 1 1 0 1 1 1 1 0 1 1 1 1 0 1 1 1 0 1 1 0 0 1 0 0 0 1 1 0 1 0 1 1 0 1 1 0 0 0 1 2 2 1 0 0 2 2 1 0 1 2 2 2 1 1 1 2 4 1 2 1 0 2 1 1 1 1 1 1 1 0 1 1 3 1 1 0 1 1 1 1 1 1 1 1 1 1 1 1 0 2 1 2 2 0 0 2 1 2 1 1 1 0 0 2 0 1 1 2 1 1 1 2 1 0 1 1 3 2 1 1 1 1 1 1 1 1 1 1 1 0 1 1 1 1 0 1 1 
1 0 1 0 1 1 0 0 2 1 0 1 0 1 2 2 2 2 2 0 2 2 2 1 0 2 0 1 2 1 0 1 1 1 1 0 2 1 1 1 0 1 1 1 1 1 1 1 1 1 1 1 1 1 2 2 0 0 0 1 1 2 1 1 2 1 2 0 2 2 1 2 2 2 1 1 0 1 1 4 1 2 1 1 1 1 1 1 1 1 0 1 1 1 1 3 1 1 1 1 1 0 0 1 0 1 1 1 1 1 2 1 1 1 2 2 1 0 2 0 1 2 2 1 0 1 0 2 1 1 1 1 1 1 1 2 2 2 1 4 1 1 1 1 1 1 0 1 1 1 1 1 1 1 1 0 1 1 0 1 
0 0 1 0 0 1 0 1 2 2 2 1 1 2 0 0 1 0 0 1 1 0 1 2 2 1 2 2 2 2 0 2 0 1 1 2 1 0 1 1 1 0 1 1 1 1 0 1 1 1 1 0 1 1 0 2 0 1 1 1 1 1 0 2 1 1 2 1 1 1 0 0 1 2 1 0 0 1 1 3 0 1 2 1 2 1 0 1 1 0 1 1 1 1 1 3 1 1 0 1 1 0 1 0 1 1 1 1 1 0 1 0 0 0 1 1 1 1 1 0 1 1 0 1 2 0 1 1 1 2 0 1 2 2 2 1 2 2 2 4 1 1 1 1 1 0 1 0 1 1 1 1 1 1 1 0 1 1 1 1 
1 1 1 1 1 1 2 2 2 2 0 0 0 1 1 0 2 0 0 1 2 2 1 1 1 1 0 0 1 2 1 2 1 1 1 2 2 1 1 1 1 0 1 1 1 0 1 1 1 1 1 1 1 1 0 2 1 2 1 2 2 2 2 1 1 0 0 1 2 1 2 1 2 0 2 1 0 0 1 3 0 2 1 2 0 1 1 1 0 0 0 1 1 0 1 3 0 1 1 1 0 1 0 1 1 1 1 1 1 1 1 0 0 2 2 0 1 2 1 2 2 1 1 2 0 2 1 0 2 0 1 0 0 2 2 2 0 2 2 4 2 1 1 1 1 1 0 1 1 1 1 1 1 1 0 1 1 1 1 1 
1 0 0 1 0 0 2 2 1 2 1 0 1 0 0 0 0 1 1 1 0 1 2 1 1 0 2 2 1 0 2 1 2 2 2 1 1 1 1 1 1 1 1 1 1 0 1 1 1 1 1 0 1 1 1 2 2 1 2 1 2 0 1 1 1 2 1 1 0 2 2 1 1 2 1 2 2 1 0 4 2 2 2 1 1 1 1 0 1 1 0 1 1 1 0 3 1 1 1 1 1 0 1 1 1 1 1 0 1 1 0 0 2 1 0 2 2 2 2 1 0 2 0 1 2 2 2 2 1 0 2 2 0 1 1 1 1 1 1 3 1 1 1 1 1 1 1 1 0 1 1 0 1 1 1 1 1 0 1 0 
0 1 1 1 1 1 2 1 1 2 1 2 2 2 1 0 1 2 1 1 1 1 2 1 1 2 2 1 2 2 0 2 2 2 1 0 1 1 1 1 0 1 1 1 1 1 0 0 1 0 1 1 1 0 0 2 1 2 1 2 0 1 1 1 2 1 2 2 1 0 0 0 1 2 2 1 2 2 2 3 1 2 1 1 0 1 0 1 0 1 1 1 1 1 1 3 1 0 1 0 1 0 0 1 1 1 0 1 1 1 1 2 2 1 0 2 2 0 2 2 0 1 0 0 0 0 0 2 2 1 2 1 1 2 2 2 2 2 0 4 1 1 1 1 1 1 1 0 0 1 1 0 1 1 1 1 1 1 1 1 
1 1 1 0 1 1 2 1 1 1 2 2 1 1 2 1 1 1 1 2 2 2 2 1 1 2 0 2 0 2 2 0 1 2 0 2 2 1 1 1 1 1 1 1 1 0 1 0 0 1 1 1 1 1 2 2 2 1 1 1 2 1 0 1 2 1 0 1 0 2 2 2 2 2 2 2 0 1 1 4 2 2 1 2 1 1 0 1 1 0 1 1 1 0 1 3 1 1 1 1 0 0 1 1 1 1 1 1 1 1 0 0 0 1 2 1 1 0 2 2 1 1 2 1 2 2 0 1 2 0 0 1 2 1 1 2 0 1 1 3 1 1 1 1 1 1 1 1 1 1 1 1 1 1 1 0 1 1 1 1 
1 1 1 1 1 1 0 2 1 2 1 2 1 2 1 2 1 1 2 1 2 2 1 1 1 2 1 2 1 2 0 2 1 1 2 1 2 0 1 1 1 1 0 0 1 1 1 1 1 1 1 1 1 1 2 1 1 2 2 2 1 1 1 0 0 0 1 0 1 1 2 2 1 1 2 1 2 1 0 4 2 2 0 1 0 1 0 1 1 1 1 1 1 1 1 3 0 1 1 1 0 1 1 1 0 1 1 1 1 1 2 1 1 2 1 2 1 2 2 1 0 2 1 1 1 1 1 0 1 2 0 2 2 0 1 2 2 1 0 3 2 0 1 0 1 0 1 1 0 0 1 1 1 0 0 1 1 1 1 1 
1 1 1 1 1 1 2 1 1 2 1 2 1 2 2 2 1 1 0 1 1 2 2 2 0 1 0 1 1 1 1 1 2 1 1 2 1 1 1 0 1 1 1 0 0 1 0 0 1 1 0 1 1 1 1 2 2 2 2 1 1 0 2 0 2 2 1 2 2 0 2 2 1 1 1 2 0 2 1 4 2 0 1 2 2 1 1 1 1 1 1 1 0 1 1 3 0 1 0 1 1 1 0 1 0 0 1 0 0 0 2 1 2 2 2 1 0 1 2 1 2 1 2 1 2 2 1 0 1 0 1 2 0 1 2 1 2 0 2 4 0 0 1 1 1 0 0 1 1 1 0 1 1 1 1 1 0 1 1 1 
1 1 1 1 1 1 0 1 1 1 2 2 1 0 1 0 1 2 2 2 0 1 0 1 0 0 0 0 2 2 2 2 0 1 1 1 2 1 0 1 0 0 1 1 1 1 1 1 1 1 1 0 1 1 0 1 1 1 2 2 1 1 1 2 2 2 2 2 2 1 2 1 1 2 1 1 0 2 2 3 1 2 1 1 1 1 1 1 1 1 1 1 1 1 0 3 1 0 1 1 1 0 0 1 1 1 0 0 1 1 2 1 0 2 1 2 2 1 1 2 1 1 0 2 0 2 1 2 2 2 2 1 0 2 0 2 2 1 2 3 2 1 1 1 0 1 1 1 1 1 1 1 1 1 1 1 1 1 0 1 
0 0 1 1 1 1 0 2 2 0 1 2 2 2 1 1 1 1 0 2 0 1 0 2 1 1 1 1 0 2 1 1 1 1 1 1 1 0 0 1 1 1 1 1 1 1 1 1 1 0 1 1 1 1 1 0 1 1 1 1 0 2 2 2 2 0 2 2 1 1 1 1 2 2 2 0 2 2 0 4 2 1 1 2 1 1 0 1 0 1 1 1 1 1 1 3 1 1 1 1 0 1 1 1 1 1 1 0 1 1 2 2 1 2 1 2 2 0 1 2 2 1 1 1 1 1 2 0 1 2 1 2 1 2 2 2 2 2 0 3 0 1 1 1 1 1 1 1 0 1 1 1 1 1 1 1 0 1 1 1 
3 3 3 3 3 3 4 3 3 3 3 4 3 3 4 4 4 3 3 4 4 2 2 1 2 1 0 2 1 1 2 2 1 1 1 1 1 1 1 1 1 0 1 1 1 1 1 1 1 1 1 1 1 1 0 1 1 1 1 1 2 0 1 0 1 1 2 2 1 2 2 0 2 0 1 2 1 2 1 4 2 0 0 1 1 1 1 1 1 1 0 1 1 1 1 3 0 1 1 1 1 1 1 1 1 1 1 1 1 1 0 2 1 2 1 1 2 2 2 2 0 1 1 0 2 2 0 1 2 2 0 2 0 2 2 1 2 2 2 3 2 1 1 0 0 1 1 1 1 0 1 0 1 0 0 1 1 1 1 1 
0 0 1 1 1 0 1 2 1 2 1 2 2 2 0 0 1 2 2 0 3 2 1 1 1 2 1 2 1 0 1 1 1 1 1 2 0 1 1 1 1 0 1 1 1 1 0 0 0 1 1 1 0 1 0 1 0 0 2 0 0 1 1 1 2 2 2 0 1 2 1 2 1 0 2 1 2 2 1 4 1 2 0 1 2 0 1 1 1 1 1 1 0 1 1 3 1 1 1 1 1 1 0 0 1 1 1 1 0 1 0 1 0 1 2 1 1 0 1 2 0 1 2 2 0 2 1 1 1 2 1 1 1 2 1 2 0 2 1 3 0 1 1 1 1 1 1 1 1 1 1 0 0 1 1 1 1 0 1 1 
1 1 1 1 1 0 0 2 2 1 1 2 1 2 2 1 1 1 2 2 4 0 2 1 2 1 1 1 0 2 1 1 0 2 1 2 1 1 1 1 1 1 1 0 0 1 1 1 1 0 1 1 1 0 1 1 2 2 1 0 0 1 0 1 2 1 2 2 1 2 2 2 0 2 0 0 0 1 1 4 2 2 1 2 1 1 1 1 1 1 1 1 0 1 0 3 0 1 1 1 0 0 1 1 1 1 1 1 1 1 1 2 1 1 0 2 1 2 2 0 1 2 2 2 0 1 2 2 2 1 2 1 1 2 1 0 0 2 2 3 0 1 1 1 1 1 1 1 1 0 1 0 1 1 0 1 1 1 0 1 
0 0 1 1 0 1 1 0 1 2 2 1 2 2 2 0 2 1 0 1 4 0 2 0 0 0 1 1 0 1 2 2 2 2 1 1 1 1 1 1 1 0 0 1 1 1 1 1 1 1 1 0 1 0 2 2 1 2 2 1 1 0 2 0 1 2 1 1 1 1 1 1 1 0 2 1 1 1 1 4 0 1 0 0 0 1 1 0 1 1 1 1 1 0 1 3 1 1 1 1 1 0 1 1 1 1 1 1 0 1 1 2 1 2 0 2 1 1 1 1 0 0 2 2 0 1 2 1 1 2 2 0 1 0 2 2 1 1 2 4 1 1 0 1 1 1 0 0 1 1 1 1 1 1 1 1 1 1 1 0 
1 0 0 0 1 1 2 1 2 1 2 0 1 2 2 2 0 1 2 2 3 2 1 2 1 2 2 1 0 1 1 1 2 1 2 2 2 1 1 0 1 1 1 1 1 1 0 1 1 0 1 0 1 0 1 1 2 1 2 2 1 1 2 2 1 2 2 2 0 1 2 2 0 1 1 1 0 2 2 4 0 2 1 0 0 1 1 1 1 1 1 1 1 1 0 3 1 0 0 1 1 1 1 1 1 1 0 0 1 1 2 1 2 2 1 1 2 2 0 2 2 1 1 1 1 0 2 1 0 0 0 2 2 1 1 2 2 2 2 3 0 1 1 1 1 1 1 0 1 1 1 0 0 1 0 1 1 1 1 1 
1 1 1 1 1 1 1 0 1 0 1 2 1 0 1 0 1 0 1 1 4 2 2 2 2 1 1 1 1 2 2 0 2 2 0 1 0 1 1 1 1 0 1 1 1 1 1 1 0 1 1 1 1 0 2 0 0 1 2 1 1 1 1 2 1 2 1 2 0 2 2 0 1 2 1 0 1 0 1 4 1 1 0 2 0 1 1 1 1 1 1 0 1 1 1 3 1 0 1 1 1 1 0 1 1 0 1 0 1 1 2 2 1 1 2 0 2 2 1 2 1 1 1 1 2 1 2 2 0 2 1 1 2 1 2 0 0 2 2 4 0 1 0 1 1 1 1 1 1 1 0 1 1 0 1 1 0 1 1 1 
1 1 1 1 1 1 2 1 1 2 1 0 1 1 2 1 2 1 2 2 3 0 2 0 2 0 1 0 1 1 2 2 1 0 1 2 1 1 0 1 1 1 1 1 1 0 1 1 1 1 0 0 0 1 2 0 2 0 2 2 0 2 2 0 1 2 1 2 1 0 2 1 0 2 1 1 2 1 2 4 0 1 1 1 0 0 1 1 1 1 1 1 1 1 1 3 1 1 1 1 1 1 1 1 1 1 0 1 1 1 1 1 1 0 2 2 1 1 2 2 1 0 1 1 2 1 1 2 2 1 1 2 0 2 1 1 0 2 2 4 0 1 1 0 1 1 1 1 0 1 1 1 1 0 1 1 0 6 0 0 
1 1 1 1 0 1 2 0 2 1 2 0 0 1 1 2 1 2 1 2 3 0 1 2 0 2 1 2 0 0 2 2 0 2 2 0 1 0 0 0 1 1 1 1 0 0 1 1 1 1 1 1 1 0 1 1 1 1 1 1 1 0 0 1 0 1 1 1 1 0 1 1 1 0 1 1 0 1 1 3 1 1 1 1 1 1 0 1 0 1 1 1 1 1 0 3 0 1 1 1 1 1 0 1 1 1 1 1 1 1 0 2 1 1 1 0 1 2 2 1 2 1 2 1 2 1 1 1 2 1 2 1 2 1 1 1 0 2 1 3 0 0 1 1 0 1 0 1 1 1 0 1 1 0 0 1 1 1 0 0 
1 0 0 1 0 1 2 1 2 2 0 2 1 2 1 1 1 0 1 0 3 2 2 1 0 2 1 1 2 1 0 2 2 2 2 1 1 2 0 1 2 2 0 1 2 1 0 2 1 1 1 1 2 2 2 1 2 2 1 0 2 1 2 1 1 0 1 0 1 0 1 1 1 1 1 0 0 1 1 3 1 0 1 1 1 1 1 0 0 0 1 1 1 1 1 3 1 1 1 1 0 0 1 1 1 1 1 0 1 0 1 2 0 1 2 0 1 2 1 1 1 2 0 1 1 2 2 2 2 1 2 2 2 1 1 1 2 2 1 3 2 1 1 1 1 0 0 1 1 1 1 1 1 0 1 1 1 1 1 1 
1 1 1 1 1 1 2 1 1 0 0 1 1 1 2 0 1 2 0 1 4 0 0 1 0 2 1 0 1 0 1 2 2 0 1 1 2 1 2 1 2 2 2 0 1 1 2 2 2 0 2 2 1 2 2 2 0 1 1 1 2 1 2 0 1 1 1 1 1 1 1 1 1 0 1 0 1 1 1 3 1 1 1 1 1 0 1 0 1 1 1 1 1 0 1 3 1 0 1 1 1 1 1 1 0 1 1 1 1 0 1 2 2 0 2 2 1 2 2 2 0 0 0 1 2 2 1 1 1 2 0 1 1 1 2 2 1 1 1 4 2 1 1 1 0 1 1 1 0 1 1 1 1 1 1 1 0 1 1 0 
0 1 1 1 0 1 0 0 1 2 2 1 1 2 2 1 1 2 0 1 3 2 1 0 2 2 0 2 2 1 2 1 2 2 2 2 2 0 0 1 1 2 1 1 1 2 1 2 1 2 2 0 1 1 1 2 2 1 1 1 2 2 1 1 1 0 1 1 1 1 1 1 1 1 1 1 1 1 1 3 1 1 1 1 1 1 1 1 1 1 1 1 1 1 1 3 1 1 1 1 1 1 1 1 1 1 1 0 1 0 1 2 1 2 1 0 2 2 2 1 0 1 2 1 2 1 1 1 1 1 1 1 2 1 1 1 1 1 0 4 2 1 1 1 1 1 1 0 1 1 1 1 0 1 1 1 1 1 0 1 
0 1 0 1 0 0 2 2 2 1 2 1 0 1 2 2 2 1 2 2 3 0 0 0 1 0 1 1 1 1 2 1 2 2 2 2 2 2 1 1 0 1 0 2 2 1 2 2 2 0 2 2 2 2 1 0 1 2 1 1 2 2 1 1 1 1 1 1 0 1 1 0 1 1 1 1 1 1 1 3 1 1 1 0 1 1 1 1 1 1 1 1 1 1 1 3 0 1 0 1 1 1 0 0 1 1 1 0 0 1 2 2 2 1 0 0 1 2 1 0 1 2 1 0 1 1 2 2 0 2 2 1 0 2 2 0 2 0 1 4 2 1 1 0 1 1 1 1 0 1 1 1 1 1 0 1 1 1 1 1 
1 0 1 1 1 1 2 0 2 1 2 2 1 0 2 2 1 1 1 0 4 1 2 1 1 2 2 0 2 2 0 1 2 0 0 2 2 0 2 2 2 1 1 1 1 2 1 1 2 2 0 1 0 2 2 0 2 1 0 2 1 2 1 1 0 1 1 0 1 1 1 1 1 1 1 1 1 0 1 3 0 1 1 1 0 0 1 0 1 1 1 1 1 1 1 3 1 1 0 1 1 1 1 1 1 1 1 1 1 0 1 2 1 2 0 0 0 2 1 0 2 1 2 2 1 2 1 1 2 0 2 1 2 0 0 1 2 1 2 3 0 1 1 1 1 1 1 1 1 1 0 1 1 0 0 0 1 1 1 1 
0 1 1 1 0 1 2 0 2 0 1 2 0 2 1 2 1 2 0 2 3 2 1 2 1 2 1 0 1 1 1 1 2 1 2 0 2 0 1 0 1 1 1 1 1 1 0 1 2 0 2 2 2 0 0 1 1 1 1 2 1 1 0 1 1 1 0 1 1 1 1 1 1 1 1 1 1 1 0 3 1 1 1 1 1 1 1 1 1 1 1 0 1 0 1 3 0 1 1 1 0 1 1 0 1 1 1 1 1 1 1 2 0 0 1 2 0 1 2 2 1 2 2 2 0 2 1 1 1 2 2 2 1 1 0 2 2 1 1 4 0 1 0 1 1 1 1 0 1 1 1 1 0 1 1 1 1 1 1 1 
1 1 0 1 1 1 2 2 1 2 1 0 2 1 2 2 0 2 2 2 3 2 1 0 1 1 2 1 2 1 2 0 2 0 0 2 2 2 1 1 2 0 0 1 1 1 1 2 0 2 1 2 1 0 2 1 2 0 1 2 2 2 1 1 1 1 1 0 1 0 1 0 1 1 1 1 1 1 1 3 1 1 1 0 1 1 1 1 1 0 0 0 0 1 0 3 1 0 0 1 1 1 1 0 1 0 1 1 0 0 1 0 0 0 2 0 2 1 1 1 1 2 2 2 2 2 0 2 1 2 2 2 1 1 2 0 2 2 1 4 1 0 1 0 0 0 1 1 1 0 1 1 1 1 1 1 1 1 0 1 
1 1 1 1 1 1 2 2 2 1 2 2 2 1 1 1 1 0 0 2 3 1 2 1 1 0 1 1 2 0 0 1 0 0 2 2 2 0 1 0 2 2 1 2 0 1 1 1 1 1 1 1 1 2 1 2 2 2 0 1 2 1 0 1 1 1 1 1 1 1 1 1 1 1 1 0 0 1 1 3 1 1 1 1 0 1 1 0 1 1 1 1 1 1 1 3 1 0 1 1 1 1 1 1 0 1 1 1 0 1 2 2 1 1 1 1 2 1 2 0 2 0 2 2 1 1 2 0 2 1 1 0 2 2 0 2 1 0 2 3 1 1 0 1 1 1 1 1 1 1 1 1 1 0 1 1 1 1 0 1 
1 1 1 1 2 0 2 1 1 0 1 0 0 1 2 0 1 2 0 2 4 2 0 0 0 0 2 1 2 2 0 2 2 0 2 0 2 0 2 1 1 0 2 0 1 0 1 1 2 0 2 1 2 1 0 2 2 1 1 1 2 1 0 1 0 1 1 1 1 1 1 0 1 1 1 1 1 1 0 3 0 0 1 1 1 1 1 1 1 0 0 0 0 0 0 3 1 0 1 1 1 1 1 1 1 1 1 1 1 1 0 1 1 2 2 1 0 2 1 2 2 2 1 2 1 1 2 1 2 1 2 1 2 2 0 1 1 2 2 4 1 0 1 1 1 1 1 1 1 1 0 1 1 1 0 0 0 1 1 1 
1 1 1 0 1 1 0 1 2 2 2 2 2 0 2 2 1 2 0 2 3 2 1 1 2 1 2 1 2 0 2 2 2 2 1 2 2 0 2 0 0 2 2 2 1 1 2 1 1 2 0 1 0 0 0 2 2 2 0 1 2 0 0 1 1 1 1 1 1 1 1 1 0 1 1 1 0 1 1 3 1 1 0 0 1 0 1 1 1 1 1 1 1 0 1 3 1 1 1 1 1 1 0 1 1 1 0 1 0 0 1 0 2 2 1 2 2 1 2 1 2 1 0 1 1 1 2 1 1 1 2 2 1 0 2 2 1 2 2 3 1 0 1 1 1 1 1 1 1 0 0 1 1 1 1 1 0 1 1 1 
1 0 1 1 1 2 2 1 1 2 2 2 2 1 0 0 2 1 2 2 3 2 2 2 1 0 0 0 2 1 2 2 2 2 2 0 2 2 0 2 1 1 1 1 1 2 1 2 1 2 2 2 2 0 2 1 1 1 1 2 2 1 1 1 1 0 0 1 1 1 1 1 1 0 1 1 1 1 1 3 1 1 1 1 1 1 0 1 1 1 1 1 1 1 1 3 1 0 1 1 1 1 0 1 1 1 0 1 1 1 2 2 2 2 1 1 2 2 2 0 0 2 0 1 2 1 1 1 1 2 1 1 2 0 2 0 2 1 0 4 1 1 1 1 1 1 1 1 1 0 1 0 0 1 1 1 1 1 1 1 
1 0 1 0 1 2 0 2 2 2 2 0 1 2 2 1 0 2 2 1 4 2 2 0 1 2 0 0 2 2 2 2 2 2 1 2 2 2 1 2 2 2 0 1 2 2 1 1 1 0 1 0 1 2 2 1 1 1 0 1 2 0 1 1 1 0 0 1 1 1 1 1 0 1 1 1 1 1 1 3 1 1 1 1 1 1 1 1 1 1 1 1 1 1 1 3 1 1 1 1 1 1 1 0 1 1 1 1 1 1 1 1 1 1 1 1 1 1 1 0 1 1 0 1 1 1 1 1 1 1 1 1 1 1 1 1 1 1 1 3 1 0 1 1 0 1 1 1 1 0 0 1 0 1 1 0 1 1 0 1 
1 1 1 1 1 2 1 0 2 1 2 2 0 2 2 2 1 1 2 2 3 4 3 3 4 4 3 4 4 4 4 4 4 4 4 4 4 3 3 4 3 3 4 4 3 4 4 4 3 3 4 3 4 4 4 3 4 4 3 3 4 2 1 1 1 1 1 1 1 1 0 1 1 1 1 0 1 1 0 3 1 1 1 1 1 1 0 0 1 1 1 0 1 1 1 3 1 1 0 1 0 1 1 1 1 1 1 1 1 1 1 1 0 1 1 1 1 1 1 1 1 1 1 0 1 0 1 1 1 1 1 0 1 0 0 1 1 1 1 3 1 1 1 1 0 1 1 1 1 1 1 1 0 1 0 1 1 0 1 1 
1 1 1 1 2 1 1 2 0 2 2 0 1 1 0 0 1 1 2 1 0 1 2 2 2 2 1 0 1 1 1 2 2 0 2 2 1 1 0 0 1 1 0 1 0 1 2 1 2 2 2 2 1 2 1 0 0 2 2 1 3 1 0 1 1 1 1 0 1 1 1 1 1 1 1 1 1 1 1 3 1 1 0 1 1 0 1 1 1 1 1 1 1 1 1 3 1 1 0 0 1 1 1 1 0 1 0 1 1 0 1 0 0 0 1 1 1 1 1 0 1 0 1 1 0 1 1 1 1 0 1 1 1 1 0 1 1 1 1 3 0 1 1 1 0 0 1 1 1 1 1 1 1 1 1 1 1 1 1 1 
1 1 0 1 2 2 0 2 0 1 2 0 0 0 2 1 1 2 2 0 0 2 2 0 2 2 2 2 1 0 1 2 2 2 2 2 1 1 1 1 1 2 0 1 0 2 0 1 1 2 2 1 1 2 1 2 0 2 2 0 3 1 0 1 1 1 0 1 1 1 1 1 1 1 1 1 1 1 1 3 1 1 0 1 1 1 1 1 1 1 0 1 1 1 0 3 1 1 1 1 1 1 1 1 0 1 1 1 1 1 1 1 1 1 1 1 0 0 0 1 1 1 1 1 0 0 1 1 1 1 1 0 1 0 1 0 1 1 1 3 1 1 1 1 1 1 1 0 1 0 0 1 0 1 1 1 1 0 1 1 
1 1 0 1 2 1 0 1 0 0 2 2 1 2 2 1 1 0 0 0 1 1 0 2 1 1 0 0 0 1 1 1 0 2 1 1 1 2 1 1 2 2 2 1 1 2 2 1 2 1 2 2 1 2 1 2 1 1 1 2 4 1 1 1 1 1 1 1 1 1 0 1 0 1 0 1 1 1 1 3 1 0 0 1 1 0 1 1 1 1 0 1 1 1 0 3 1 1 1 1 1 1 1 1 0 0 1 0 1 1 1 1 1 1 1 1 1 1 1 1 1 1 1 1 1 1 1 1 1 1 1 1 0 1 1 1 1 1 1 3 0 1 1 1 1 0 1 0 1 1 1 1 1 1 1 1 1 1 1 1 
1 0 1 1 1 2 1 1 2 1 0 2 2 2 0 1 2 1 1 2 0 0 2 2 1 1 1 2 2 1 0 2 0 1 2 0 2 2 1 2 1 1 0 1 1 0 0 2 1 0 0 2 1 1 1 1 1 2 1 0 3 1 0 1 0 0 1 0 1 1 0 1 1 1 1 1 1 1 1 3 0 0 1 1 0 1 1 1 1 1 1 1 1 1 1 3 1 1 1 1 1 1 1 1 0 1 1 1 1 1 1 1 1 1 1 1 0 1 1 1 1 1 0 1 0 1 1 0 0 0 1 1 1 1 1 1 1 0 1 3 1 0 1 0 1 1 1 1 1 1 1 1 1 0 1 1 1 0 1 0 
1 1 1 1 1 2 2 2 0 2 1 1 1 1 1 1 1 2 2 2 1 0 2 2 1 1 2 1 0 2 2 2 2 2 2 0 1 1 2 2 2 1 1 1 2 1 1 0 2 1 1 2 0 2 1 1 2 0 1 1 3 2 1 0 1 1 1 0 1 1 1 1 1 1 1 1 1 0 1 3 1 1 0 1 1 1 1 1 1 1 1 1 1 1 1 3 1 0 1 0 0 0 0 1 1 1 1 1 1 1 1 1 1 1 1 0 1 1 1 1 0 0 1 1 0 0 1 1 0 1 1 1 0 1 0 1 1 1 1 3 0 1 1 1 0 1 1 1 1 1 0 1 1 1 1 1 1 1 1 1 
1 1 1 1 1 1 2 2 2 1 2 2 2 0 1 2 1 1 0 1 2 2 0 2 2 1 0 1 2 2 1 2 2 1 2 1 1 1 0 1 0 2 1 1 2 1 0 0 1 2 0 2 2 1 1 1 0 1 0 1 4 1 1 1 1 1 1 1 1 1 1 0 0 1 0 1 1 1 1 3 1 1 0 1 1 1 1 0 0 1 1 1 1 1 0 3 1 1 1 1 1 0 1 1 1 1 1 1 0 1 1 1 1 1 0 0 1 0 1 1 1 0 1 0 1 1 0 1 1 1 1 1 1 1 1 1 1 1 1 3 1 1 1 1 0 1 1 1 1 0 1 1 0 0 1 1 1 1 1 1 
1 0 1 1 1 0 2 0 0 2 0 1 2 2 2 1 1 1 0 0 0 0 1 1 0 1 2 1 2 2 1 0 2 2 2 0 1 1 1 0 0 1 2 0 2 2 1 1 2 1 2 2 1 2 2 2 1 2 2 2 3 1 1 1 0 1 1 0 1 1 1 1 1 1 1 1 1 0 1 3 0 1 1 0 1 1 1 1 1 1 1 0 1 0 1 3 0 1 1 1 1 1 1 1 1 1 1 1 1 1 1 1 1 1 1 1 1 1 0 0 1 1 1 1 0 1 1 1 0 1 1 1 0 1 1 1 1 1 1 3 1 1 1 1 1 1 0 0 1 1 1 1 1 1 1 1 1 1 0 1 
1 1 1 1 2 2 0 0 2 2 0 2 0 0 0 2 1 0 0 1 2 1 2 1 2 0 2 1 1 0 2 0 2 0 2 0 0 2 2 2 1 1 2 1 0 2 2 2 2 0 1 0 2 2 2 0 2 1 2 2 4 2 2 1 1 1 1 1 1 0 1 0 1 1 1 1 1 1 1 3 1 1 1 1 0 0 0 1 1 1 0 1 0 1 1 3 1 1 1 1 1 1 1 1 0 1 0 0 1 1 1 0 1 1 1 1 1 0 1 0 2 2 2 1 2 2 2 1 0 2 2 2 2 1 1 1 2 0 2 3 3 4 4 3 3 4 4 4 3 3 4 3 3 3 3 3 3 3 3 3 
1 0 1 1 0 0 1 2 2 0 2 2 1 1 2 1 2 1 0 2 2 1 2 1 2 1 1 2 2 0 1 2 2 2 2 0 1 2 1 0 2 2 1 0 0 1 1 2 0 2 2 1 0 2 2 1 1 2 2 2 3 1 2 0 1 0 1 0 1 1 1 1 1 0 1 1 1 0 1 3 1 1 1 1 1 1 1 1 0 1 1 1 1 1 1 3 1 1 1 1 1 1 1 0 0 1 1 0 1 1 1 1 1 1 1 1 1 1 1 0 1 1 2 2 2 0 0 2 2 2 1 0 2 1 0 1 2 1 1 2 1 1 1 1 2 1 1 0 1 1 2 1 1 1 1 1 0 1 1 1 
0 1 1 1 1 2 1 0 1 1 2 1 2 2 2 0 1 2 0 2 2 1 1 0 1 2 2 2 1 0 2 0 2 2 2 1 2 1 2 1 1 1 0 0 1 0 2 2 1 0 2 2 2 2 1 2 2 2 1 2 3 1 2 1 1 1 1 0 1 1 1 1 1 0 1 1 1 1 1 3 1 0 0 1 1 1 1 1 1 1 1 0 0 1 1 3 1 1 1 0 1 1 1 1 1 1 0 1 1 1 1 1 1 0 1 1 1 1 1 1 2 2 1 1 2 2 1 2 2 2 2 0 0 1 2 0 1 0 1 0 2 1 0 1 1 2 2 1 1 0 2 1 1 0 1 1 1 0 1 0 
1 1 1 1 1 1 1 2 2 2 0 0 0 1 2 2 2 0 1 1 2 2 1 0 1 2 2 2 2 1 0 2 1 1 2 2 1 2 2 1 2 0 0 1 0 1 0 0 1 1 0 1 2 1 1 1 2 2 2 1 3 1 2 1 1 1 1 0 1 1 0 1 1 1 1 1 1 1 1 3 1 0 1 1 1 1 1 1 0 1 1 1 1 0 1 3 1 0 1 0 0 1 0 1 0 1 1 1 0 1 1 0 0 1 1 1 0 1 0 1 2 1 2 1 0 2 2 1 1 1 1 0 2 1 1 1 2 2 2 1 2 1 2 1 1 0 1 0 1 2 2 1 1 1 1 0 1 1 1 0 
1 1 0 1 1 0 1 2 1 0 1 1 2 2 2 1 1 1 2 1 1 2 1 2 2 2 1 2 2 0 2 1 0 2 2 2 2 2 1 2 2 2 0 1 1 1 0 1 2 2 2 2 0 1 2 2 2 0 1 0 3 0 2 0 1 0 1 0 1 0 0 1 1 1 1 1 1 1 1 3 1 1 1 1 1 1 0 0 0 1 0 1 1 1 0 3 1 1 1 0 1 1 1 1 0 1 1 1 0 1 1 1 1 0 1 1 1 1 1 1 2 0 2 1 0 2 0 2 1 1 1 1 1 2 0 1 1 1 1 2 1 1 1 1 1 0 2 2 2 0 2 1 1 1 1 1 1 1 1 1 
0 1 1 1 0 2 1 0 2 0 1 2 2 1 0 2 2 2 0 2 2 1 0 1 2 1 0 0 1 2 2 2 2 2 2 1 1 2 2 2 1 2 2 2 2 0 2 2 2 2 1 2 2 2 2 2 1 1 2 1 4 1 2 1 1 1 1 1 1 1 1 0 1 1 1 1 1 1 0 3 0 1 1 1 0 1 1 0 1 1 1 1 1 1 1 3 0 1 1 1 1 1 1 1 0 1 1 0 1 1 0 0 1 1 0 1 0 0 1 1 0 2 0 1 1 2 2 2 2 1 2 2 0 2 2 1 1 2 1 2 2 1 1 2 2 1 2 2 2 0 1 1 0 1 1 0 1 1 0 0 
1 1 0 1 0 2 2 1 1 1 1 1 1 1 2 0 1 0 1 0 2 2 1 2 1 1 2 2 1 1 1 0 2 2 1 1 1 0 2 2 1 2 0 1 1 2 1 2 0 1 1 0 1 0 0 1 2 1 1 2 4 1 1 0 1 0 1 1 1 1 1 1 1 1 1 1 1 1 0 3 1 1 1 1 1 0 1 0 0 1 0 1 1 1 1 3 1 1 0 1 1 1 1 1 1 1 0 1 1 1 1 1 0 0 1 1 0 1 1 1 2 0 0 2 1 1 1 0 1 2 0 1 2 2 2 1 0 0 1 2 2 2 2 1 2 0 2 2 2 1 0 1 1 1 0 1 0 0 1 1 
1 1 0 1 0 1 2 0 1 2 2 2 1 1 1 2 1 1 0 1 1 1 2 0 2 1 2 2 0 0 0 1 0 2 0 1 2 1 2 2 1 2 1 2 1 1 1 2 1 2 2 1 1 2 0 0 2 1 1 1 3 2 1 1 1 1 1 1 1 0 0 1 1 0 0 0 1 1 1 3 1 0 1 1 1 1 1 1 1 0 1 1 1 1 1 3 1 1 1 1 1 1 1 1 1 1 1 1 1 1 1 1 1 0 1 0 1 0 0 1 1 0 1 1 1 1 2 2 1 0 1 1 0 0 2 1 1 2 2 2 1 2 0 0 1 1 2 1 2 0 2 1 1 1 0 0 1 1 1 1 
1 1 0 0 0 2 0 1 2 2 2 1 2 0 1 2 1 1 0 2 2 1 1 2 1 2 0 1 0 2 0 1 2 1 2 2 1 2 2 1 1 2 0 0 1 1 2 0 2 1 0 0 1 2 1 1 2 2 1 1 4 2 1 1 1 1 1 1 1 1 1 1 1 1 1 1 0 0 0 3 0 1 0 1 1 1 1 1 1 1 1 1 0 0 0 3 0 1 1 1 1 1 1 0 1 1 1 1 0 1 1 1 1 0 1 0 1 1 1 1 2 2 1 0 1 1 2 2 0 1 1 2 2 1 2 2 0 2 2 2 1 1 0 1 2 0 1 2 1 2 1 1 1 1 1 0 1 1 1 0 
1 0 1 1 2 2 2 0 0 0 2 1 1 1 1 2 2 2 2 2 2 2 2 2 2 0 0 1 2 2 1 1 1 0 2 1 2 0 2 2 0 1 1 0 0 2 1 1 1 1 2 1 1 1 1 2 1 2 1 0 4 2 0 1 1 1 1 1 1 1 0 1 1 1 1 1 1 0 1 3 1 1 1 1 0 1 1 1 1 1 1 1 0 1 0 3 1 1 0 1 1 1 1 0 1 1 0 1 1 0 0 1 1 1 1 1 0 1 1 1 2 0 2 2 1 2 0 1 2 2 1 2 1 0 1 0 0 1 1 0 2 1 0 2 2 2 1 1 2 1 1 1 1 1 1 1 1 1 1 1 
1 1 1 1 0 1 1 2 1 2 2 1 1 2 1 1 2 2 1 2 0 1 1 1 0 1 2 1 2 2 1 1 0 0 2 0 2 2 1 2 0 2 2 2 0 1 1 2 2 2 1 0 1 1 0 2 1 1 0 0 4 1 0 1 0 1 1 0 1 1 1 1 0 0 1 1 1 0 1 3 0 1 1 0 1 0 1 1 0 1 1 0 0 0 1 3 1 1 1 1 0 1 1 1 1 0 1 0 1 1 0 0 1 1 1 0 1 0 1 1 2 1 0 0 1 2 2 2 0 1 2 2 0 1 1 1 2 2 1 1 0 1 0 1 2 2 1 1 2 1 1 0 1 0 1 1 0 1 1 1 
0 1 0 1 1 2 1 2 2 1 2 1 2 1 1 2 2 1 1 2 1 0 2 0 0 2 2 1 2 0 1 1 0 1 1 1 1 0 1 1 1 0 0 1 1 1 1 1 1 1 1 1 1 1 1 1 1 1 1 1 3 1 1 1 1 1 0 1 0 0 1 1 1 1 0 1 1 1 1 3 0 0 0 1 1 1 0 1 1 0 1 0 1 1 1 3 1 0 1 1 1 1 1 1 0 1 1 0 1 0 1 1 1 1 1 0 1 1 0 1 1 1 0 2 2 1 2 2 1 1 1 2 2 2 2 0 2 0 2 1 1 1 0 2 0 2 0 1 2 0 1 1 0 0 1 1 0 1 1 0 
1 0 1 1 0 2 2 1 1 1 0 0 0 2 1 1 1 2 1 0 2 2 1 2 1 2 1 1 2 2 1 0 2 1 1 0 0 1 1 0 1 0 1 1 1 0 0 1 1 1 1 1 1 1 1 1 1 1 0 1 3 1 1 0 1 1 1 1 1 1 1 1 0 1 1 1 1 1 1 3 1 1 1 1 1 1 1 0 0 1 0 1 1 1 1 3 1 1 1 1 1 1 0 1 1 1 1 1 0 1 1 1 1 1 1 1 1 1 1 1 2 2 2 1 1 2 0 2 1 2 2 1 2 2 2 2 0 1 2 2 0 1 2 1 0 2 2 2 1 1 1 1 1 0 1 1 1 1 1 1 
1 0 0 0 2 1 2 0 1 1 1 1 1 0 2 1 1 0 1 1 1 2 2 2 2 1 1 2 0 0 2 2 2 1 2 0 0 1 1 1 1 1 1 1 1 1 0 1 0 1 1 1 1 1 1 1 1 1 1 1 3 0 1 1 1 1 0 1 1 1 0 1 1 1 0 1 1 1 1 3 1 0 1 1 0 1 1 1 1 1 1 1 1 1 1 3 1 0 1 1 1 1 1 0 1 1 0 1 1 1 1 1 1 1 1 1 1 1 1 1 0 1 2 2 2 2 0 0 2 2 1 1 2 0 2 1 2 2 2 1 2 0 2 2 2 1 2 1 0 2 1 0 1 1 1 1 0 1 0 1 
1 0 1 1 0 2 2 2 2 0 1 1 1 1 1 1 2 2 1 0 2 1 2 2 2 0 2 2 1 0 1 0 1 1 1 1 0 1 1 0 1 1 1 1 1 0 1 1 0 1 1 1 0 1 1 1 1 1 1 1 3 1 0 1 1 1 1 0 1 1 1 1 1 1 1 1 1 1 1 3 1 1 0 1 0 1 0 1 0 1 0 1 1 0 1 3 1 0 1 1 1 0 1 1 1 0 0 0 0 1 1 0 1 1 1 0 1 1 1 1 1 2 1 2 1 1 0 2 0 2 2 0 2 2 2 1 2 2 2 2 2 0 2 2 2 2 1 0 1 1 2 1 0 0 1 1 1 1 1 1 
1 1 1 1 0 2 1 1 0 0 2 1 2 2 1 0 0 1 2 0 2 1 1 1 1 0 2 1 2 1 2 1 1 1 1 0 0 1 1 1 1 0 1 1 1 1 1 1 1 1 1 1 1 0 1 1 0 1 0 1 3 1 1 1 1 1 1 0 1 1 1 1 1 0 1 0 1 0 0 3 1 0 1 1 1 1 1 0 1 1 1 1 1 0 1 3 0 1 1 1 1 1 1 1 1 1 1 1 1 0 1 1 1 1 0 1 0 1 0 0 1 0 0 0 0 2 1 0 0 2 1 1 1 1 1 0 0 0 0 2 2 2 2 2 2 1 0 1 2 0 2 1 1 0 0 1 0 0 0 0 
1 1 0 1 1 1 2 1 1 1 1 2 1 2 1 2 1 1 1 1 1 2 2 2 1 2 0 0 0 2 2 2 0 2 2 0 1 1 1 1 0 0 1 1 1 1 1 0 0 1 0 1 1 1 0 1 1 0 1 1 3 1 0 1 1 1 1 0 1 1 1 1 0 1 1 1 1 1 1 3 1 1 1 1 1 1 1 1 1 1 1 0 1 1 1 3 1 0 1 0 1 1 1 1 1 0 1 0 1 1 0 1 0 1 1 1 0 0 1 0 2 2 0 2 1 0 0 2 2 2 2 1 0 2 1 2 1 1 2 1 1 0 1 1 1 2 0 0 2 0 2 1 0 1 1 1 1 1 1 1 
0 1 1 1 2 2 2 1 1 1 0 2 1 2 2 1 0 1 1 2 1 1 1 1 1 1 2 1 1 2 1 0 1 1 0 1 1 1 1 0 1 1 1 1 1 1 1 1 1 1 0 1 0 1 1 1 1 1 0 1 3 1 0 1 1 1 0 0 1 1 1 0 1 1 1 0 0 1 1 3 1 1 1 0 0 1 1 1 1 1 1 1 1 1 1 3 1 1 1 1 0 1 1 0 1 1 1 0 1 1 1 1 0 1 1 1 1 1 1 1 0 2 1 2 1 0 1 0 2 0 1 2 2 1 1 1 1 0 2 1 2 1 0 2 2 0 2 0 1 2 1 0 1 1 1 0 1 0 0 0 
1 1 1 1 1 1 2 2 1 2 2 1 0 2 1 2 1 2 2 2 1 1 0 1 0 0 2 1 2 0 1 1 1 0 1 1 1 0 1 1 0 1 0 1 1 1 1 1 1 1 0 1 1 1 0 1 1 1 1 1 3 0 1 0 1 1 1 1 1 1 1 1 1 1 1 1 0 1 0 3 1 1 1 1 0 1 0 1 1 1 1 1 1 1 1 3 1 1 1 1 0 1 1 0 0 1 1 1 1 1 1 1 1 1 1 1 1 1 0 1 0 1 1 2 0 2 1 2 0 0 2 0 1 2 1 2 1 2 2 0 2 1 2 1 2 0 1 1 0 0 1 0 0 1 1 0 1 1 1 1 
1 1 1 1 1 1 1 1 1 1 1 1 1 1 1 1 1 1 1 1 1 1 1 1 1 1 0 1 1 1 1 1 1 1 1 1 0 1 1 0 1 1 1 1 1 0 0 1 1 1 1 0 1 1 1 1 0 1 1 1 3 0 1 1 1 1 0 1 1 1 1 1 1 1 1 1 1 1 1 3 1 1 1 0 1 1 1 1 1 0 1 0 1 1 0 3 1 0 0 1 1 1 1 1 1 1 0 1 1 0 1 1 1 0 1 1 1 1 0 1 2 1 0 2 1 0 1 1 2 1 0 1 2 2 1 1 1 1 1 0 2 0 1 1 1 2 2 2 0 1 1 1 1 1 1 1 1 0 1 1 
0 1 0 1 0 1 0 0 0 1 1 1 1 1 1 1 1 1 1 0 1 1 0 0 1 1 1 1 0 1 1 1 1 0 1 0 1 0 1 1 0 1 0 0 1 1 1 0 1 1 1 1 0 1 1 1 1 1 1 1 3 1 1 1 1 1 1 1 1 0 1 0 1 1 1 0 1 1 0 3 1 1 0 1 1 0 1 1 1 1 0 1 1 1 1 3 1 1 1 0 1 1 0 1 0 1 0 1 1 0 0 1 0 0 1 1 0 0 1 1 0 1 2 1 1 2 1 2 1 1 1 1 2 1 2 2 2 1 1 0 2 0 2 2 0 2 2 1 1 1 0 1 1 1 1 1 1 1 1 0 
1 0 1 1 1 1 1 0 1 0 1 1 1 1 1 1 1 1 0 1 1 1 1 1 1 1 1 0 1 1 1 1 1 1 1 1 0 1 1 1 1 1 1 1 1 1 1 1 1 1 1 1 1 1 1 0 1 1 1 0 3 1 1 1 1 1 1 1 1 1 1 1 1 1 0 0 1 1 1 3 1 1 0 1 1 1 1 1 1 0 1 1 1 0 1 3 0 0 1 0 1 0 1 0 0 1 1 1 0 1 0 1 0 1 1 1 1 1 1 0 2 0 0 2 1 1 1 2 0 1 1 2 1 2 1 1 0 1 1 1 1 1 2 2 1 2 2 1 1 1 0 1 1 1 1 1 1 0 1 1 
1 0 1 0 1 1 1 1 1 1 1 1 1 1 1 0 1 1 1 1 1 1 1 0 1 1 1 1 1 1 1 1 1 1 1 1 0 1 1 1 0 1 1 1 1 1 1 1 1 1 0 1 1 1 1 1 0 1 1 0 3 1 0 1 0 0 1 1 1 1 0 1 1 0 1 1 1 1 1 3 1 0 1 1 1 1 1 1 1 1 1 0 0 1 1 3 1 1 1 1 1 1 0 1 1 1 1 0 1 1 1 1 1 1 1 1 1 1 1 1 0 2 1 1 0 2 1 2 2 1 2 2 2 2 2 1 2 1 2 2 2 1 1 0 1 0 2 2 1 2 1 1 1 1 0 1 1 1 1 0 
1 0 1 0 0 0 1 1 1 1 1 1 1 1 1 1 1 1 1 1 1 1 1 1 0 1 1 1 1 1 1 1 1 1 1 1 0 1 1 1 0 0 1 1 1 1 0 1 1 0 0 1 1 1 1 1 1 1 1 1 3 1 0 1 0 1 1 1 1 1 0 0 0 1 0 1 1 1 1 3 1 1 1 1 1 1 1 1 1 1 0 1 0 0 1 3 1 1 0 1 1 1 1 0 1 0 1 1 1 1 1 1 0 1 0 1 1 0 1 1 0 0 0 2 2 0 0 1 2 2 1 1 1 1 2 2 0 2 0 1 1 1 1 1 0 1 1 2 2 2 1 1 0 1 1 1 1 1 1 1 
0 1 1 1 1 1 1 1 1 1 0 1 1 1 1 0 1 1 1 0 1 1 1 1 1 0 1 1 1 1 0 0 1 1 0 1 0 1 0 1 1 0 1 1 1 1 1 1 1 1 0 1 1 1 1 1 1 1 1 1 3 1 1 1 0 1 1 0 0 1 1 0 1 1 0 1 1 1 1 3 1 1 1 0 1 1 1 1 1 1 1 0 1 1 1 3 1 1 1 0 0 1 0 0 1 1 1 0 1 0 1 1 1 1 1 1 1 0 1 1 2 0 2 2 1 2 1 1 1 2 2 1 2 2 1 2 1 1 1 2 0 0 2 1 2 1 2 0 2 0 1 0 1 1 1 1 1 1 1 1 
1 0 1 1 0 0 1 1 1 1 1 0 0 1 1 1 0 0 1 1 1 1 1 1 1 0 1 1 1 1 1 1 1 1 0 1 1 1 1 1 1 0 1 0 1 1 1 1 0 1 1 1 1 1 1 1 0 1 1 1 3 0 1 1 1 1 1 1 1 1 1 1 1 0 1 1 1 0 0 3 1 1 1 1 1 0 1 0 1 1 1 1 1 1 1 3 1 1 1 1 1 1 0 1 1 1 1 1 1 1 1 1 1 1 0 1 1 0 0 1 0 1 1 0 1 1 1 0 0 1 2 1 1 0 2 1 0 2 0 2 2 1 2 0 2 2 2 1 0 1 2 0 1 1 1 0 1 0 0 1 
