4 72
118 135
114 29
61 23
90 150
3 64
43 63
80 106
8 156
36 132
1 1 0 0 1 1 0 1 0 1 1 1 1 1 0 1 1 1 1 1 0 1 1 1 1 1 0 1 1 1 0 1 1 1 1 1 1 1 1 1 3 1 0 1 1 1 1 0 1 1 1 2 0 2 1 0 0 1 1 0 2 1 0 1 2 2 2 2 2 1 2 1 3 0 0 2 0 2 2 1 1 1 0 1 1 0 1 0 1 1 0 1 1 1 1 1 1 1 1 0 1 1 1 0 1 1 1 1 1 1 1 1 0 1 1 1 1 1 0 1 1 1 1 1 1 1 1 0 1 0 0 1 1 1 1 0 1 1 1 1 1 0 2 0 1 2 0 1 1 2 0 2 4 1 0 0 2 2 2 3 
1 1 1 1 1 1 1 1 1 1 1 1 1 1 1 1 1 0 1 1 0 1 1 1 1 1 1 1 1 1 1 1 1 1 1 1 1 0 1 1 3 0 1 1 1 1 1 0 0 0 1 1 2 1 2 0 1 0 2 0 1 1 2 1 1 2 2 0 1 2 2 2 4 0 0 1 2 0 2 2 0 1 1 1 1 1 1 1 1 1 1 0 1 1 1 1 1 1 1 0 1 1 0 1 0 0 1 1 1 0 1 1 1 1 1 1 1 1 1 1 0 1 1 1 1 1 1 1 1 1 1 1 0 0 0 1 1 1 1 0 1 2 1 1 1 0 0 0 2 2 1 2 3 2 1 0 1 1 2 4 
1 1 1 1 1 1 0 1 1 1 1 1 1 1 1 1 1 1 1 1 0 1 1 1 1 1 1 0 0 0 1 1 1 1 1 1 1 1 1 0 3 0 1 1 1 1 0 1 1 1 1 1 2 2 0 1 2 1 1 2 1 1 0 2 2 2 1 0 2 1 1 1 4 1 1 1 1 1 0 2 1 1 1 1 1 1 1 1 1 1 1 1 1 1 1 1 1 1 1 1 1 1 1 1 0 0 1 1 0 1 0 0 1 1 1 1 1 0 1 1 1 1 1 1 1 1 1 1 1 1 1 0 1 1 1 1 0 1 0 1 1 1 1 2 0 0 1 2 2 0 1 1 4 0 2 0 1 0 1 4 
1 1 1 1 1 1 1 0 1 1 1 1 0 1 1 0 1 0 1 1 1 1 1 1 0 1 1 1 1 1 0 1 1 1 1 1 1 1 1 0 3 1 1 0 0 1 1 1 1 0 2 1 2 2 0 1 2 2 2 2 1 2 0 2 1 2 0 1 1 2 2 0 3 0 1 1 2 1 2 1 1 1 1 1 0 1 0 0 0 1 1 1 1 0 1 1 1 1 1 1 1 1 1 1 1 0 0 1 0 1 1 1 1 1 1 1 1 1 0 0 1 1 1 1 1 0 1 1 0 1 1 0 1 0 1 1 1 1 1 1 1 2 2 1 1 1 2 1 1 1 2 1 3 1 2 1 1 2 2 4 
1 1 1 0 1 1 1 1 1 1 1 1 1 0 0 1 1 0 1 1 1 1 1 1 1 1 1 1 1 1 1 1 1 1 1 0 0 1 0 1 3 1 0 1 1 1 1 1 0 2 0 0 1 1 1 0 0 1 2 0 1 1 1 1 1 1 0 0 1 0 2 0 5 2 2 2 1 2 2 1 1 1 1 0 1 1 1 1 1 1 1 1 0 1 1 1 1 1 1 1 1 1 1 0 1 1 1 1 1 1 1 1 1 1 0 1 1 1 1 1 1 1 1 1 1 1 0 1 1 1 1 1 0 1 0 1 1 1 1 1 1 1 1 2 1 1 2 1 2 1 1 1 3 0 2 2 1 2 0 4 
1 1 1 1 0 0 1 1 0 1 1 1 1 0 0 1 1 0 1 1 1 0 1 1 1 0 1 1 1 1 1 1 0 1 1 1 1 0 1 1 3 1 1 1 1 0 1 1 1 0 2 2 0 2 2 2 2 2 0 2 0 2 2 0 0 1 0 2 0 2 1 2 3 2 0 2 2 0 2 1 1 1 0 1 1 1 1 1 1 1 0 1 1 1 1 1 1 1 1 1 1 1 1 1 1 1 1 0 1 1 1 1 1 1 0 1 1 1 1 0 1 1 1 0 1 1 1 1 1 1 1 0 0 1 1 1 1 1 0 1 1 1 2 1 1 2 2 0 2 2 2 1 3 2 1 1 2 2 0 4 
0 1 1 1 1 1 1 1 1 0 0 1 0 1 1 0 1 1 1 1 0 1 1 1 0 1 1 1 1 1 1 1 1 1 0 0 1 1 1 0 3 1 0 1 1 1 0 1 1 2 1 2 1 0 2 1 2 2 1 2 1 2 2 2 1 2 2 1 1 1 2 1 4 0 2 0 0 2 0 2 1 1 1 1 1 1 1 1 1 1 1 1 1 1 0 1 1 1 1 0 1 1 1 0 1 1 0 1 1 0 1 1 1 0 1 1 1 1 1 1 1 1 0 1 0 0 0 1 1 1 1 1 1 1 0 1 1 1 1 1 1 1 1 2 1 0 0 2 2 1 2 2 4 2 2 2 0 1 1 3 
1 0 1 1 0 1 0 0 0 1 1 1 0 0 0 0 1 1 0 1 1 1 0 1 1 1 1 1 1 1 1 1 1 1 1 0 1 1 1 1 3 0 1 1 1 0 1 0 1 2 2 0 2 1 1 2 1 1 0 1 0 2 2 2 2 2 2 2 1 2 2 1 3 2 0 2 0 2 2 1 1 0 1 1 1 1 1 1 0 0 1 1 1 1 1 1 1 0 0 0 1 1 1 1 1 1 1 0 0 1 0 1 1 0 1 1 1 0 1 1 1 0 1 1 1 1 1 1 1 1 1 0 0 1 1 0 1 1 1 0 1 2 2 1 1 1 0 2 1 1 1 0 4 0 0 2 2 1 0 3 
1 1 1 1 1 1 1 1 1 1 1 1 1 1 1 1 1 0 1 1 1 1 1 1 1 1 0 1 1 1 1 0 1 0 1 1 1 1 1 1 3 1 1 1 1 1 0 1 1 0 2 2 1 0 1 2 1 2 1 1 1 1 2 0 2 2 2 1 1 1 2 1 4 2 2 2 1 1 1 1 1 1 0 1 1 0 0 0 1 1 1 0 1 1 1 1 0 1 1 1 1 1 1 0 1 1 1 1 0 1 1 1 1 1 0 0 1 1 1 1 0 1 0 1 1 1 1 1 1 1 1 0 0 1 1 1 1 1 0 1 1 2 1 1 1 1 0 1 1 2 0 1 3 2 1 2 0 2 1 3 
1 0 1 0 1 1 1 0 1 1 1 1 1 0 1 1 1 1 1 1 1 1 1 1 1 0 1 0 0 1 1 1 1 0 0 0 0 1 0 1 3 1 1 1 1 1 1 1 1 0 1 1 0 1 1 1 1 1 2 0 2 1 2 1 1 1 1 1 1 1 2 1 4 1 0 2 0 2 2 2 1 1 0 1 1 1 0 0 1 1 1 1 0 1 1 1 1 1 1 1 1 1 1 1 1 1 0 1 0 0 1 1 1 0 0 1 1 1 0 1 0 1 1 1 1 1 0 1 1 1 1 1 0 1 1 1 1 1 0 1 1 2 2 0 2 0 2 2 1 0 2 2 4 1 1 1 1 0 1 4 
1 1 1 1 0 1 1 1 0 1 1 1 1 1 1 1 1 1 1 1 0 1 1 1 0 1 1 1 1 1 1 1 0 1 1 1 1 0 0 1 3 1 1 1 1 1 1 0 1 2 2 2 2 2 1 1 1 2 1 1 1 2 0 1 2 1 2 0 0 2 1 2 4 2 2 1 1 2 0 2 0 0 0 1 1 1 1 1 1 1 1 1 1 1 1 1 1 1 1 1 1 1 1 1 1 1 1 1 0 1 1 1 1 1 1 1 1 0 1 1 1 1 1 1 1 1 0 1 0 1 1 1 0 1 1 1 0 0 1 1 1 2 1 2 1 1 0 1 2 2 2 2 4 2 0 1 2 1 2 3 
1 1 0 0 1 1 1 0 1 0 1 1 0 1 0 1 1 1 1 0 1 1 1 1 1 1 1 0 1 1 0 1 0 0 1 1 1 0 1 0 3 1 1 1 0 1 1 1 1 2 1 1 1 2 2 1 2 1 2 2 2 0 1 2 2 0 2 1 0 1 0 1 4 2 1 1 1 1 1 0 1 1 1 1 1 1 0 0 1 1 0 1 1 0 1 0 1 1 1 1 0 1 1 0 1 1 1 1 0 1 1 0 1 1 1 0 1 1 1 1 1 1 1 1 1 0 1 1 1 1 1 1 1 1 0 1 1 1 1 1 1 1 2 1 0 2 1 0 1 1 0 1 4 0 1 2 2 2 1 3 
1 1 0 0 1 1 0 1 1 1 1 0 1 0 1 1 1 1 1 1 1 1 0 0 1 1 1 0 1 0 1 0 1 1 1 1 1 1 0 1 3 1 1 1 1 1 0 1 1 2 1 1 2 1 1 2 2 0 0 1 1 1 1 1 1 2 1 2 0 1 0 2 4 1 1 2 0 1 1 0 0 0 1 1 1 1 1 1 0 1 1 1 1 1 1 1 1 1 1 1 1 1 1 1 1 1 1 1 1 1 0 1 1 0 0 1 0 1 1 1 1 0 0 1 1 1 1 1 1 1 1 1 0 0 0 1 1 1 1 1 1 0 0 1 2 2 0 0 2 2 2 1 3 1 1 0 1 2 1 4 
1 1 1 1 1 0 1 1 1 1 1 0 1 0 1 0 1 1 1 1 1 0 1 1 1 0 1 1 0 1 1 1 0 1 0 1 1 1 1 1 3 1 1 1 1 1 1 1 1 2 2 1 2 1 0 2 1 0 0 2 0 0 2 2 1 1 2 2 2 1 2 0 4 1 0 1 1 2 1 2 1 1 1 0 1 1 1 1 1 1 0 1 1 0 1 1 1 1 1 1 1 1 1 0 1 1 1 1 1 1 1 1 1 1 1 1 1 1 1 0 1 1 1 1 1 1 1 0 1 0 0 1 1 1 1 1 0 1 1 1 1 0 0 2 1 2 1 0 0 2 1 2 4 1 2 2 2 2 1 4 
1 1 1 1 1 1 0 1 1 0 1 1 1 1 1 1 0 1 1 1 1 1 1 1 0 1 1 0 1 1 1 1 1 1 1 1 1 1 1 1 3 1 1 1 1 0 1 1 1 2 1 2 2 0 0 0 2 1 1 2 1 2 1 1 1 2 2 2 2 2 1 1 3 1 2 2 2 2 2 1 1 1 1 0 1 1 0 1 0 1 1 1 1 1 0 1 1 1 1 1 0 0 1 1 1 1 1 0 1 1 1 0 1 0 1 0 1 1 1 1 1 1 1 1 0 1 0 1 1 1 1 1 1 0 0 0 1 1 1 1 1 2 1 2 1 0 2 1 2 2 2 2 4 1 1 2 0 0 1 3 
1 1 1 1 0 1 1 1 1 1 1 1 1 1 1 1 1 1 0 1 1 0 0 1 0 1 1 0 1 1 1 1 1 1 0 0 1 1 1 1 3 1 1 1 1 1 1 1 1 1 1 0 1 1 2 1 1 1 1 0 2 1 1 0 1 2 0 0 2 2 2 1 3 1 2 1 0 1 1 1 1 0 1 0 1 1 1 1 1 1 1 1 1 1 1 1 1 1 1 1 1 1 1 1 1 1 1 1 1 1 1 1 1 1 1 1 0 0 1 0 0 1 1 1 1 0 1 1 1 0 1 1 1 1 1 1 1 0 1 0 0 1 2 1 0 2 1 1 0 1 1 1 3 0 2 1 1 2 2 3 
1 1 1 1 1 1 1 0 0 0 1 1 1 1 1 1 1 1 1 1 1 1 1 1 1 0 1 1 0 1 1 1 1 1 0 1 1 0 1 1 3 1 0 1 0 1 1 1 0 2 2 0 1 2 2 2 1 1 0 1 2 1 2 0 2 1 2 0 2 1 2 0 4 2 0 2 1 2 1 0 1 1 1 1 1 1 1 0 1 1 0 1 1 1 1 1 1 0 1 1 1 0 1 0 0 0 1 1 1 1 1 1 1 1 0 1 1 1 1 1 1 0 1 0 1 1 1 0 0 0 1 1 1 1 1 1 1 1 1 1 0 1 0 1 1 2 0 1 2 1 0 0 3 0 2 2 2 2 1 4 
1 1 1 1 1 1 1 1 1 1 1 1 1 1 0 1 0 1 0 0 1 1 1 1 1 1 1 1 1 1 0 1 1 1 1 0 1 1 0 1 3 0 1 1 1 0 0 1 1 0 1 1 2 0 1 0 0 2 2 1 2 1 1 0 0 1 1 1 1 2 2 0 3 1 1 2 2 0 0 0 1 1 1 1 1 1 1 1 1 1 0 1 0 1 1 1 1 0 1 1 1 1 1 0 1 1 1 1 1 1 1 1 1 0 1 1 1 1 0 1 0 0 1 0 0 0 1 1 0 1 1 1 1 1 1 1 0 1 0 1 1 1 2 0 1 1 2 0 2 1 1 2 4 1 0 2 1 0 0 3 
0 1 1 1 1 1 0 1 1 1 0 1 1 1 0 1 1 1 1 1 1 0 1 1 1 1 1 0 1 1 1 1 1 1 1 0 0 0 1 1 3 1 1 1 0 1 1 0 1 2 2 2 2 1 1 2 2 0 2 1 1 1 2 1 0 2 1 1 2 1 0 2 3 1 2 2 2 0 0 2 1 0 1 1 0 1 1 1 0 1 0 1 1 1 1 1 1 1 0 1 1 1 1 1 1 1 1 1 0 1 1 0 0 1 0 0 1 1 1 1 1 1 1 1 1 1 1 1 1 1 1 0 1 1 1 0 0 1 1 0 1 1 2 2 0 1 1 2 0 1 0 2 4 2 2 2 2 2 2 4 
1 1 1 1 1 1 1 1 0 0 1 1 1 1 1 1 0 1 0 0 0 1 1 1 1 1 0 1 1 1 1 0 1 1 1 1 1 1 1 0 3 3 3 3 3 3 3 3 3 3 3 3 3 3 3 3 3 3 3 3 3 1 1 1 1 0 1 1 1 0 1 1 3 0 1 1 1 1 1 1 1 1 1 1 1 1 1 0 1 1 1 0 1 1 1 1 1 1 0 1 1 1 1 1 1 1 1 0 1 1 1 0 1 1 1 1 1 1 1 1 1 1 1 1 0 1 1 0 1 1 1 1 1 1 1 1 0 1 1 1 1 1 1 2 1 2 2 1 2 0 0 1 3 2 2 2 1 1 2 4 
1 1 1 1 1 1 1 1 0 1 1 1 0 1 1 0 1 0 1 1 0 0 0 1 1 1 1 1 1 1 1 1 1 1 1 1 1 1 1 1 1 1 1 0 1 1 1 1 1 1 1 0 1 0 1 0 1 0 1 1 3 1 1 1 1 0 0 1 0 0 1 1 3 3 3 3 3 3 3 3 3 3 3 3 3 3 3 3 3 3 3 3 3 3 3 3 3 3 3 3 3 3 3 3 3 3 3 3 3 3 3 3 3 3 3 3 3 3 3 3 3 3 3 3 3 3 3 3 3 3 3 3 3 3 3 3 3 3 3 3 3 4 3 4 4 4 3 3 4 4 3 4 3 1 2 1 1 0 1 4 
1 1 0 1 1 1 1 0 1 1 1 1 0 1 1 0 1 1 0 1 1 1 1 1 1 1 1 1 1 0 1 1 1 0 1 1 1 1 1 1 1 0 1 1 1 1 1 1 0 0 1 0 0 0 1 0 1 1 0 0 3 1 0 1 0 0 1 1 1 1 1 1 0 0 1 1 1 1 1 1 0 1 1 0 0 0 1 1 1 1 0 1 1 1 1 1 1 1 0 0 1 1 1 1 1 0 1 0 1 1 1 1 1 1 1 1 1 1 2 1 1 0 2 1 0 2 1 1 2 2 1 2 2 0 2 2 1 2 1 2 1 2 2 2 2 2 0 2 2 2 2 0 2 1 1 1 2 2 2 4 
0 1 1 0 1 0 0 0 1 0 0 1 0 1 0 1 1 1 0 1 1 1 1 1 0 1 1 1 1 1 0 1 1 1 1 1 0 1 0 0 1 1 1 1 1 0 1 1 1 1 1 0 1 0 1 1 0 0 1 1 3 1 1 1 1 1 1 0 1 1 1 1 1 1 0 0 1 0 1 1 0 1 1 1 0 1 1 1 0 1 1 1 1 1 0 1 1 0 1 1 0 1 1 1 1 1 1 1 1 0 1 1 0 1 0 1 1 2 1 0 2 1 1 2 2 1 2 2 1 1 2 1 2 2 1 1 2 1 0 2 2 0 2 2 1 0 1 2 0 2 2 2 2 1 1 0 0 2 1 4 
1 1 1 1 1 1 1 1 1 0 1 1 0 1 1 0 1 1 1 1 1 1 1 1 1 0 1 1 1 0 1 1 1 0 1 1 0 0 1 1 1 1 1 1 1 1 1 0 1 1 1 1 1 1 1 1 1 1 1 1 3 1 1 1 1 1 1 1 0 1 1 1 1 1 1 1 0 1 1 1 1 1 1 1 1 0 1 0 1 1 0 0 1 1 1 1 0 1 1 0 1 1 1 1 1 0 1 1 1 1 1 1 1 1 0 1 1 2 2 1 2 2 0 1 1 0 2 2 0 1 1 0 2 1 2 2 2 2 2 1 0 1 2 2 2 2 2 1 2 2 1 0 1 0 0 2 2 1 0 4 
1 1 1 0 0 1 1 1 1 1 1 1 1 1 1 1 1 0 1 1 0 1 1 1 1 1 1 1 1 1 0 1 1 1 1 0 0 1 1 1 1 0 1 1 1 1 0 1 1 1 0 1 1 1 1 1 1 1 1 1 3 1 0 1 1 1 1 0 1 1 1 1 1 1 1 0 1 1 1 1 1 1 1 1 0 1 1 1 1 0 0 1 0 1 1 1 1 0 1 1 1 0 1 1 1 0 1 1 1 1 1 0 1 1 0 1 1 2 1 1 1 1 2 1 0 1 0 1 2 1 2 2 1 1 0 2 0 1 1 2 1 1 2 0 1 1 1 1 1 1 1 0 1 1 1 1 0 1 1 3 
0 1 1 1 0 1 1 1 0 1 1 1 1 1 1 1 1 1 0 1 0 1 1 1 1 1 1 1 0 0 1 1 1 0 1 0 1 1 1 1 0 1 1 1 1 1 1 1 1 1 1 1 1 1 1 0 1 0 1 1 3 1 1 1 1 1 1 0 1 1 1 1 1 1 1 1 1 1 1 1 1 0 0 0 1 0 1 1 1 1 1 1 1 1 1 1 1 0 1 1 0 1 0 1 1 1 0 1 1 1 1 1 1 1 1 1 1 2 0 2 2 1 2 2 2 2 2 2 2 1 1 2 2 2 1 0 1 2 2 0 1 2 2 1 0 0 2 1 0 1 1 1 1 1 1 1 1 1 1 3 
0 1 1 1 0 1 1 1 1 1 0 1 0 1 1 0 1 1 1 0 1 1 1 1 0 1 1 1 1 1 1 0 1 1 1 1 1 1 1 0 1 0 1 0 1 1 1 1 1 0 0 0 0 1 0 0 1 1 1 1 3 1 1 1 1 1 1 1 1 1 1 0 1 1 1 1 0 0 0 1 1 1 1 0 1 1 1 0 1 1 0 1 1 1 0 1 0 1 1 1 0 1 1 1 1 1 1 1 1 1 1 1 1 1 1 1 0 1 1 0 0 2 2 0 1 2 2 2 2 2 2 2 1 0 2 2 2 2 0 0 1 2 1 0 1 0 0 1 1 1 1 0 1 0 1 1 0 1 1 3 
1 1 1 1 1 1 0 1 0 1 1 1 1 1 0 1 0 0 0 1 1 1 1 1 1 1 1 1 1 0 1 0 1 1 1 0 1 1 1 1 1 1 0 0 1 1 1 1 0 1 1 1 1 1 1 1 0 1 1 1 3 0 1 1 1 1 1 0 0 1 1 0 1 1 1 1 1 1 0 1 1 0 0 1 1 1 1 1 1 1 1 1 1 1 1 1 1 1 1 1 0 1 0 1 1 1 1 0 0 1 0 0 0 0 1 1 1 2 2 2 1 0 2 2 2 2 1 1 2 0 2 2 0 2 1 2 1 0 0 1 2 1 1 1 1 1 2 1 1 1 1 1 1 0 1 1 0 1 1 3 
1 1 1 0 1 1 1 1 1 1 1 1 1 1 1 0 1 1 0 1 1 1 1 1 1 1 1 1 1 1 1 1 1 1 0 1 0 1 0 1 1 1 1 1 1 0 1 0 2 2 2 0 2 2 1 1 2 1 2 2 4 0 0 0 0 0 1 2 1 2 1 1 0 2 2 2 2 1 2 1 0 1 0 1 1 1 1 1 1 1 0 0 1 0 1 0 1 1 1 1 0 1 1 1 1 1 1 1 1 0 1 0 1 0 1 1 1 0 1 1 2 1 0 0 1 1 2 0 1 2 0 0 1 2 2 1 0 1 2 2 2 1 1 1 2 0 1 0 1 1 0 1 1 0 0 1 1 1 1 3 
0 1 1 0 1 0 1 1 1 0 0 1 1 1 1 1 1 1 0 1 1 1 1 1 1 0 1 1 1 1 0 1 1 0 1 0 0 1 1 1 1 0 1 1 1 0 1 1 1 2 1 2 1 1 1 1 0 0 2 0 3 0 0 2 1 2 1 2 1 1 2 2 1 0 1 0 0 1 2 1 1 1 1 1 0 1 1 1 1 1 1 1 1 1 0 1 1 1 1 1 1 1 1 1 1 1 1 0 0 1 1 1 1 1 1 1 1 2 2 0 1 2 1 0 2 1 1 1 1 2 1 2 0 2 2 2 1 1 1 4 3 4 4 3 3 3 3 4 3 3 3 3 3 3 3 3 3 3 3 3 
1 1 1 1 1 1 1 1 1 0 1 1 1 1 1 1 1 1 0 1 0 1 0 1 1 1 0 1 0 1 1 1 0 1 1 0 1 1 1 0 1 1 0 1 1 0 0 1 2 0 1 1 1 2 2 2 0 0 1 1 4 2 0 0 1 2 2 1 2 2 1 2 1 0 1 0 2 2 0 1 1 1 1 1 1 1 1 1 1 1 1 1 1 1 0 0 0 1 1 1 0 1 1 1 0 1 1 1 0 1 1 1 0 1 1 0 0 1 1 2 1 1 2 2 1 1 2 2 2 1 1 1 2 0 1 1 0 2 0 4 1 2 2 0 1 2 1 2 0 1 1 1 1 0 1 1 0 1 1 1 
1 0 1 1 1 0 1 1 1 1 0 1 1 1 1 1 1 1 1 1 0 0 1 1 1 1 0 0 1 1 1 1 1 1 1 1 0 1 1 1 1 1 1 1 0 1 1 0 0 2 1 2 2 1 1 0 1 1 0 1 4 1 2 1 1 2 1 1 1 0 2 1 0 2 2 2 0 0 1 1 1 1 0 1 1 1 0 1 1 1 1 0 1 1 0 1 1 0 0 1 0 1 1 1 1 1 1 1 0 1 0 1 1 1 0 0 1 2 1 2 0 2 0 2 2 1 1 1 1 0 1 1 2 1 1 1 0 1 2 3 1 2 2 1 0 2 1 1 1 1 1 1 1 1 1 1 1 1 1 1 
1 0 1 1 0 0 0 1 1 1 0 0 1 1 0 0 1 1 1 1 1 1 1 0 1 0 1 1 1 1 0 1 1 1 1 1 0 1 1 1 1 1 1 1 1 1 1 1 1 1 0 2 2 2 2 2 1 2 1 1 4 2 1 2 2 2 1 1 2 2 2 1 1 2 0 0 0 1 2 1 1 1 1 1 0 1 1 0 1 1 1 1 1 1 1 1 1 1 1 1 0 1 1 1 1 0 1 1 1 1 1 1 1 0 1 0 0 1 2 2 1 1 0 1 2 1 1 1 2 1 2 1 2 1 1 1 0 0 0 3 2 1 0 1 2 2 2 1 1 0 1 1 1 1 1 1 1 1 1 1 
1 1 1 0 0 1 1 1 1 0 1 0 1 0 0 1 1 1 1 1 1 1 1 0 1 1 1 1 0 1 1 1 1 1 0 1 1 1 1 1 1 1 1 0 1 0 0 1 2 2 2 1 0 2 1 2 2 1 1 1 4 2 1 1 0 2 1 1 2 2 1 1 1 2 1 2 0 2 2 1 1 1 0 1 1 1 1 1 0 0 1 0 1 1 1 0 1 0 0 0 0 0 1 1 1 1 0 1 0 1 1 1 1 1 1 1 1 1 0 2 0 2 1 1 0 0 1 1 0 1 1 0 0 1 1 1 2 1 2 4 0 2 1 0 1 1 1 0 1 1 1 0 1 1 1 0 0 1 1 1 
1 1 1 1 1 1 0 1 1 1 1 1 1 1 1 0 1 0 1 1 1 0 1 1 1 1 0 1 1 1 1 1 1 0 1 1 1 1 1 0 1 1 1 1 1 1 1 1 0 2 2 1 2 1 0 1 0 0 2 2 4 1 2 2 0 2 0 0 1 1 2 2 1 1 0 2 1 2 0 0 1 1 0 1 1 1 0 1 1 1 1 0 1 1 0 1 1 1 1 1 1 0 1 1 1 1 1 1 1 1 1 1 1 1 1 1 1 2 2 1 1 1 0 1 0 0 2 1 1 0 2 1 0 2 2 1 1 1 0 3 1 2 2 1 2 0 1 1 1 1 1 1 1 1 1 0 1 1 0 1 
1 1 0 0 1 1 1 0 1 1 0 0 1 0 1 1 1 0 0 1 1 1 1 1 1 1 0 1 1 1 0 1 1 1 1 1 1 1 1 0 1 1 1 1 1 1 1 1 2 0 2 0 0 0 2 0 0 1 2 0 4 1 1 2 1 1 1 1 0 1 2 2 2 1 0 2 1 1 2 0 1 1 0 1 1 1 1 1 1 1 0 1 0 1 1 0 1 1 1 1 1 1 1 1 0 0 1 1 0 1 1 1 0 1 1 1 1 2 2 1 1 2 1 2 1 2 1 2 1 2 2 1 1 0 0 1 2 2 2 4 0 1 2 0 1 0 2 2 1 1 1 1 1 1 1 1 1 1 1 1 
1 1 0 1 1 1 1 1 1 1 0 1 1 1 1 1 1 1 1 1 0 1 1 1 1 1 1 1 1 1 1 1 1 1 1 1 1 0 1 1 1 1 1 1 1 0 1 1 0 0 1 1 1 2 1 0 1 1 0 0 4 0 1 2 1 1 0 0 2 2 2 2 0 0 1 2 1 2 2 0 0 1 1 1 1 1 1 1 1 0 1 1 1 0 0 0 1 1 0 1 1 1 1 1 1 1 0 1 0 1 1 1 1 1 1 1 1 1 1 2 0 2 2 2 2 0 2 2 1 0 2 2 1 2 0 2 1 2 2 4 1 0 1 2 1 2 1 1 1 1 1 0 1 1 1 0 1 1 1 0 
1 1 0 1 0 1 1 1 1 1 1 1 1 1 1 1 1 1 1 1 1 0 1 1 1 1 1 1 1 1 1 0 1 1 1 1 1 1 1 1 1 1 1 0 1 1 1 1 1 1 1 1 1 1 0 1 2 2 2 1 4 2 1 1 1 0 2 2 1 1 2 1 2 1 1 2 0 0 2 1 1 1 1 0 1 1 1 1 1 1 0 0 1 1 0 1 0 1 1 1 0 1 1 0 1 1 1 1 0 1 1 1 1 1 1 1 1 1 2 0 2 1 2 0 0 0 0 2 1 1 2 1 0 1 2 2 2 1 1 4 1 0 2 0 1 1 1 0 1 1 1 1 1 1 1 1 1 0 1 1 
1 1 1 1 1 1 1 1 0 0 1 1 1 0 0 1 0 1 1 1 1 1 1 1 1 1 1 1 0 1 1 1 1 1 1 1 1 1 1 1 1 1 0 0 1 1 1 1 1 1 1 1 2 1 2 2 1 1 0 2 4 1 2 0 2 1 1 2 2 2 2 0 0 0 2 2 2 2 1 1 1 1 1 1 1 0 1 0 1 1 1 1 1 1 0 1 1 1 1 1 1 1 1 1 1 0 1 0 1 1 0 1 1 1 1 1 0 1 1 2 1 2 0 1 2 2 2 1 0 1 2 1 0 0 2 1 2 2 2 3 2 0 0 0 0 2 1 2 1 1 1 1 1 0 0 1 1 1 1 1 
1 1 1 1 1 1 0 1 0 1 1 0 1 1 1 1 1 1 0 0 1 0 1 1 1 1 1 1 1 1 1 1 1 1 1 0 1 0 1 1 0 1 1 1 1 1 1 0 0 1 0 1 2 1 2 0 2 0 2 0 3 4 4 4 3 3 4 3 3 4 4 3 4 4 4 4 4 4 3 3 3 3 3 3 3 3 3 3 3 3 3 3 3 3 3 3 3 3 3 3 3 1 1 0 1 0 1 1 1 0 1 1 1 1 1 1 1 0 2 1 2 2 1 0 2 1 1 1 2 1 0 1 0 2 0 1 0 2 1 3 2 1 2 0 2 1 0 2 1 1 0 1 1 0 1 0 1 0 1 1 
1 0 1 1 0 1 1 0 1 1 1 0 0 0 1 1 1 1 1 1 0 1 1 1 1 0 1 1 0 1 1 0 1 1 1 1 1 1 1 1 1 1 1 1 0 0 1 1 1 2 1 2 2 2 1 2 2 0 1 1 1 1 0 1 1 1 1 1 0 1 2 1 1 1 1 2 0 2 2 0 0 1 1 1 0 1 1 1 1 1 1 1 1 1 1 1 1 1 1 1 3 1 1 1 0 1 1 1 1 1 1 1 1 1 1 0 1 0 0 0 2 2 2 1 0 1 0 0 1 2 0 2 0 2 1 2 2 1 2 4 2 0 1 2 1 2 2 1 0 1 1 1 1 0 1 1 1 1 1 1 
1 1 0 1 1 1 1 1 1 1 1 1 1 1 1 1 1 1 1 1 0 1 1 1 1 0 1 1 1 1 1 1 1 1 1 1 1 0 1 1 1 1 1 1 0 0 1 0 2 0 1 1 1 0 1 0 1 2 2 0 1 1 2 1 0 1 1 1 2 0 1 2 0 0 2 1 2 2 2 1 1 1 1 1 1 1 0 0 1 1 1 1 0 1 0 1 1 1 1 1 3 0 1 1 1 1 1 0 1 1 1 1 0 1 1 1 1 0 1 2 2 1 2 1 2 1 1 1 2 0 2 1 1 0 0 0 1 1 1 4 2 1 2 1 2 1 0 1 1 1 1 1 1 1 1 1 0 1 1 1 
1 0 1 0 1 1 1 1 1 1 1 1 0 1 0 1 0 1 1 1 1 1 0 1 1 1 1 1 1 1 0 1 1 1 1 1 0 0 1 1 0 1 0 1 1 1 1 1 1 1 1 2 1 2 2 1 0 1 1 2 1 1 1 1 0 1 1 1 1 0 1 2 2 0 0 2 1 1 1 1 1 0 1 1 1 1 0 0 1 1 1 1 1 0 1 1 1 1 1 0 3 1 1 1 1 1 1 1 0 0 0 1 1 1 1 0 1 1 2 2 2 2 0 1 2 2 1 1 0 0 1 0 2 2 0 0 2 0 1 4 2 2 2 1 2 2 0 1 1 0 1 1 1 1 0 0 1 1 1 1 
0 1 1 1 0 1 1 0 1 1 1 1 1 1 0 1 1 1 1 1 1 1 1 1 0 1 1 0 1 0 1 1 1 1 0 1 1 1 1 1 1 1 1 1 0 1 1 1 1 2 2 2 1 0 1 1 2 0 0 1 1 2 0 1 1 2 1 1 2 2 0 0 2 1 1 0 2 1 2 1 0 1 1 1 1 1 1 1 1 1 1 1 1 1 1 1 1 1 1 1 3 0 1 1 1 1 0 1 1 1 0 1 1 1 1 0 0 1 1 2 0 2 2 2 0 0 0 2 2 1 2 2 0 2 0 1 0 1 1 3 1 2 0 2 0 2 2 1 1 1 1 0 1 0 1 1 1 1 1 0 
0 1 1 0 1 1 1 0 0 0 1 1 0 1 1 0 1 1 1 0 1 1 1 1 0 1 1 1 1 1 1 1 1 1 1 1 1 1 1 1 1 1 1 0 1 0 1 1 0 0 2 2 2 0 1 2 2 2 1 2 2 0 1 1 1 2 1 0 0 2 1 2 2 1 1 2 2 2 2 1 1 1 1 1 1 1 1 1 1 0 1 1 1 1 1 0 1 1 1 1 3 0 1 1 1 1 1 0 1 1 1 1 0 1 1 1 1 2 1 0 0 1 0 1 1 1 1 2 1 2 1 2 2 1 2 1 1 1 2 3 1 1 2 1 0 1 2 2 1 0 0 1 1 1 1 1 1 1 1 0 
1 1 1 0 1 1 1 1 1 1 1 1 1 0 1 1 0 1 1 1 1 1 0 1 1 1 0 1 0 0 1 1 1 0 1 1 1 1 0 0 1 1 1 1 1 0 1 1 0 0 1 2 1 1 0 0 0 1 2 1 0 1 2 1 1 1 2 2 2 1 2 1 2 2 1 2 2 0 2 1 1 1 0 1 0 1 0 1 1 1 1 1 1 0 1 1 1 1 1 0 3 0 1 1 0 0 1 0 1 0 1 1 1 0 1 1 0 0 1 1 1 1 1 1 2 1 1 2 0 0 1 2 0 2 0 2 2 1 0 4 2 2 1 0 1 0 2 2 1 1 1 1 0 1 1 1 1 1 1 1 
1 1 1 1 1 0 0 1 1 2 2 2 2 1 0 1 1 2 2 1 0 1 1 2 2 2 2 1 0 2 2 2 2 1 2 1 1 0 1 1 1 1 0 1 1 0 1 1 2 0 2 2 0 1 0 0 1 2 2 1 2 1 1 1 1 1 2 0 1 0 0 0 1 1 1 1 1 0 0 1 1 1 1 1 0 0 1 1 1 0 1 1 1 1 1 1 1 0 1 1 3 1 0 1 1 1 1 0 1 1 1 1 0 0 1 1 1 1 0 1 1 0 1 2 2 1 1 1 2 0 1 1 1 1 0 2 2 2 2 4 1 2 1 2 1 2 0 1 1 1 0 0 1 1 1 0 1 1 1 1 
0 0 1 1 1 0 1 1 2 0 2 0 0 2 0 2 2 1 1 0 0 2 1 1 1 0 0 1 2 1 2 1 0 1 2 2 0 1 0 1 1 1 0 1 1 1 0 1 2 2 0 2 0 2 0 0 1 0 2 0 1 2 0 2 2 2 1 2 0 2 1 2 1 0 1 2 0 1 0 1 1 0 1 1 0 1 1 1 1 1 1 1 1 1 1 0 1 1 1 1 3 1 1 0 1 1 1 1 1 0 1 1 1 1 1 1 1 0 2 1 0 0 1 0 2 1 2 1 1 1 2 2 2 0 1 0 1 0 0 3 0 1 2 2 1 2 2 2 1 1 1 1 1 0 0 1 1 1 0 1 
1 1 1 1 1 0 0 1 2 1 0 0 2 1 0 1 1 0 0 2 1 1 2 1 0 2 1 2 2 1 2 2 2 0 0 0 2 2 2 1 1 1 1 1 1 0 1 1 2 2 1 1 2 0 2 2 2 1 1 2 2 0 2 1 0 2 1 2 2 1 2 1 0 1 1 2 1 1 0 1 1 1 1 1 1 1 1 0 0 1 1 1 0 1 0 1 1 1 1 1 3 1 1 1 1 1 0 1 1 1 0 1 1 1 1 1 1 1 2 2 0 0 2 1 2 1 2 0 2 1 2 2 2 0 2 2 1 0 2 4 1 2 2 0 2 2 0 2 0 1 1 1 1 1 1 0 1 1 1 0 
1 0 0 1 1 1 1 0 1 0 0 1 2 0 2 1 0 0 1 0 2 0 2 0 0 0 2 1 2 0 0 1 2 2 1 0 1 2 0 1 0 1 1 1 1 0 1 1 0 1 1 2 2 2 0 0 2 0 2 1 1 1 2 2 2 1 1 0 1 2 0 0 0 1 1 2 0 0 1 0 1 0 1 1 1 1 1 1 1 0 1 0 1 1 1 1 1 1 1 1 3 1 1 1 1 1 1 1 1 0 1 1 1 0 1 1 0 2 1 2 2 2 1 2 1 1 2 0 2 1 0 2 0 0 2 2 0 0 2 4 1 1 1 1 1 1 0 2 1 1 1 1 0 1 0 1 1 0 1 1 
0 0 1 1 1 1 1 1 0 2 2 1 1 0 2 1 1 2 2 1 0 0 2 2 1 1 2 2 1 0 1 1 2 2 2 2 1 2 1 1 1 1 0 0 1 1 0 1 1 1 2 1 2 0 2 2 2 1 0 1 2 0 0 1 2 0 0 2 2 2 1 0 1 0 1 1 2 1 2 1 1 1 1 1 1 0 1 0 0 1 1 1 0 0 1 1 1 1 1 1 3 1 1 0 1 1 0 0 1 1 1 1 1 0 1 0 1 1 1 2 1 2 2 0 2 1 1 0 1 1 1 2 2 2 2 1 2 1 1 3 1 2 0 0 0 2 1 1 1 0 1 0 0 1 1 1 1 1 0 0 
1 0 1 1 1 1 1 1 1 1 0 2 2 2 2 1 0 2 1 0 1 2 0 2 0 2 2 2 2 1 1 1 2 2 1 1 1 1 1 1 1 0 0 1 1 1 0 1 1 2 2 2 2 1 0 1 2 2 2 2 1 2 2 2 2 2 1 2 2 0 1 2 1 1 2 2 0 1 2 0 1 1 0 1 1 1 1 1 1 1 0 0 1 1 1 1 1 1 1 1 3 1 0 0 1 1 1 0 1 1 1 1 0 0 1 1 1 0 2 1 2 2 1 1 2 1 1 1 0 0 2 1 2 2 0 1 1 0 1 3 1 0 2 2 0 0 1 1 1 0 1 1 0 1 1 1 1 0 0 1 
1 1 0 0 0 1 0 1 0 1 2 1 2 1 1 1 0 0 2 1 2 1 1 2 0 2 2 0 1 1 2 1 1 2 1 1 1 1 1 0 1 1 1 1 1 1 1 1 1 2 1 0 1 0 1 2 0 2 2 1 1 2 2 0 2 0 2 1 1 1 0 2 2 1 2 1 2 1 0 0 1 1 1 1 1 1 1 1 1 1 1 1 1 1 1 1 0 1 0 1 3 0 1 1 1 1 0 1 0 1 1 1 1 1 1 0 1 1 0 1 1 0 1 1 1 1 1 0 1 1 1 0 1 1 1 1 1 1 1 3 1 1 1 1 0 1 1 1 1 1 1 1 1 0 1 1 1 1 1 1 
3 3 3 3 3 3 3 3 3 3 3 3 3 3 4 3 4 4 4 4 3 3 4 4 4 3 4 4 4 3 3 3 3 4 4 3 4 4 4 3 3 3 3 3 3 3 3 3 4 3 4 3 4 4 3 4 4 4 3 4 3 0 2 0 2 2 2 0 0 2 2 1 1 1 0 2 1 1 0 0 1 1 0 1 1 1 1 0 1 1 0 1 1 1 1 1 1 1 0 1 3 1 0 1 1 1 0 1 1 1 1 0 1 1 1 1 1 1 1 1 1 1 0 0 1 1 1 1 1 0 1 1 1 0 1 1 1 1 0 3 0 1 1 1 0 0 1 1 1 1 1 1 1 1 1 0 1 1 1 1 
1 1 1 0 1 1 0 1 1 1 2 0 2 1 1 1 1 1 2 1 1 0 2 2 1 2 0 1 1 0 2 2 1 1 2 1 0 2 2 1 1 1 1 0 1 1 0 1 2 1 2 1 2 2 2 2 2 2 0 1 3 1 2 2 0 0 1 2 2 1 1 2 2 2 1 2 2 2 2 1 1 1 1 0 0 0 0 0 1 1 0 1 0 1 1 1 1 0 1 1 3 1 1 1 1 1 1 0 1 1 1 1 1 1 1 0 0 1 1 1 1 1 1 1 1 0 1 1 0 0 1 1 1 1 1 1 1 1 1 3 1 1 1 0 1 1 1 1 0 1 1 1 1 1 1 1 1 0 1 1 
0 1 1 0 1 1 1 0 2 0 2 2 1 0 1 1 1 2 1 1 2 2 2 1 1 2 2 2 2 2 2 1 2 2 0 0 1 0 1 0 1 1 1 1 1 0 1 1 2 2 2 0 2 2 1 0 0 0 2 2 4 1 0 1 1 1 1 2 1 2 1 2 2 1 1 1 1 0 2 1 1 1 1 1 1 0 1 1 0 1 1 1 1 0 0 0 1 0 1 1 3 1 1 1 0 0 1 1 0 1 1 1 0 1 0 1 1 1 1 1 1 1 0 1 1 0 1 1 1 0 1 1 0 1 1 1 0 0 1 3 1 1 1 1 0 1 1 1 0 1 0 1 1 1 0 1 0 1 1 1 
1 0 1 0 1 1 1 1 1 1 0 0 0 1 1 1 1 1 1 2 1 2 2 1 2 0 1 0 2 1 1 1 2 0 2 1 1 1 0 0 1 1 1 1 1 0 1 1 1 0 0 2 1 2 2 1 1 1 1 1 3 1 2 1 2 0 1 2 2 2 0 2 1 0 2 2 2 1 2 1 1 1 1 0 1 1 1 1 1 1 1 1 1 1 1 1 1 1 1 1 3 0 0 1 1 1 0 1 1 1 1 1 1 1 0 0 1 1 1 0 0 1 1 1 1 0 0 1 1 0 1 1 1 1 1 1 1 1 1 3 1 1 1 1 0 0 0 1 1 1 0 0 1 1 1 1 1 0 1 1 
1 1 1 1 1 0 0 1 2 1 2 1 0 2 1 1 1 2 1 1 1 2 0 2 1 1 0 2 2 1 0 0 2 1 0 2 2 1 1 1 1 1 1 1 1 1 1 1 2 1 1 2 1 1 2 2 1 0 2 1 3 2 2 1 2 2 1 1 2 2 2 0 1 1 1 2 2 1 2 1 0 0 1 1 1 1 1 1 1 0 1 1 1 1 1 1 1 1 1 0 3 1 1 1 1 1 1 1 0 0 1 1 1 1 1 1 1 1 1 1 1 1 1 0 1 1 1 1 1 1 1 1 1 1 1 1 1 1 1 3 1 1 0 1 1 1 0 1 0 0 1 1 1 1 1 1 0 1 0 1 
0 1 1 0 1 1 1 1 1 2 2 2 1 1 0 1 0 2 2 2 2 1 1 0 2 2 2 2 2 2 1 2 1 2 1 2 0 2 2 0 1 1 1 1 1 1 1 1 1 2 1 2 1 2 0 0 0 2 2 2 4 2 2 2 2 1 2 2 1 1 1 1 2 0 0 2 0 2 0 1 1 0 0 0 0 1 1 1 0 1 1 1 0 0 1 1 1 1 1 1 3 1 1 1 1 1 0 0 1 1 1 1 1 1 1 1 1 1 1 1 0 1 1 1 1 0 1 1 1 1 1 1 1 1 1 1 1 1 1 3 1 1 0 1 0 1 0 1 0 1 0 1 1 1 0 0 1 1 1 1 
1 1 1 1 1 1 1 1 2 1 0 2 0 2 2 2 2 0 1 0 0 1 2 1 2 1 0 2 1 1 2 1 1 1 2 2 1 2 1 1 1 1 1 1 0 0 1 1 1 1 1 1 0 1 0 1 1 0 1 1 3 1 1 1 1 1 1 1 1 1 1 1 1 0 1 1 1 1 1 1 0 0 1 0 1 1 1 1 0 1 1 0 0 1 1 1 1 1 1 1 3 1 1 1 1 1 1 1 1 0 1 1 0 1 1 1 1 1 1 1 0 0 1 1 1 1 1 1 0 1 1 0 1 0 1 0 1 0 1 3 1 1 0 1 1 0 1 1 1 0 1 1 0 1 1 1 0 1 1 1 
1 1 1 1 1 1 1 0 1 1 2 1 2 2 2 2 0 1 0 1 1 1 2 2 1 0 2 1 1 1 2 2 1 2 1 2 2 1 2 1 1 1 1 1 1 1 0 1 0 1 1 1 0 1 1 1 1 1 1 1 3 1 1 0 1 1 0 1 1 1 1 1 1 1 1 1 0 0 0 0 1 1 1 1 1 1 1 1 1 1 1 1 0 0 1 1 1 1 1 0 3 1 1 1 1 1 1 1 1 1 1 1 1 0 1 1 1 0 0 1 0 1 1 1 1 1 1 1 1 1 1 1 1 1 1 0 1 1 0 3 1 1 1 1 1 1 1 1 1 1 0 1 0 1 1 1 1 1 1 0 
1 1 1 1 1 1 1 1 2 2 0 2 1 2 2 0 2 1 1 0 2 2 1 0 1 1 0 2 2 2 2 0 2 1 2 1 0 0 0 1 1 1 1 1 1 1 1 1 1 1 1 1 1 1 1 1 1 1 1 1 3 1 1 1 1 1 1 1 1 1 1 0 1 1 1 1 1 1 1 1 0 1 1 1 1 1 1 1 1 1 1 1 1 1 1 1 1 1 0 0 3 1 0 1 1 1 1 1 0 1 1 1 1 1 1 1 0 0 1 1 1 1 1 1 1 1 1 1 1 1 1 1 1 1 0 1 1 1 1 3 1 1 1 0 1 0 1 1 1 1 1 0 0 1 1 1 1 1 1 1 
0 1 1 1 1 0 1 1 2 2 1 0 2 2 1 1 1 2 2 2 1 2 2 1 2 1 0 2 2 0 2 0 2 2 0 1 2 2 0 1 1 1 1 1 1 0 1 1 1 1 1 1 1 1 1 1 1 1 1 0 3 0 1 1 1 1 1 1 1 1 1 1 1 0 1 1 1 1 1 0 1 0 1 1 0 1 0 1 1 1 0 1 1 1 1 0 1 1 1 1 3 1 1 1 1 0 0 1 0 1 1 1 1 1 0 1 1 1 1 1 1 1 1 1 1 1 1 1 1 0 1 1 0 0 1 1 1 0 1 3 1 1 1 1 1 1 1 1 1 1 1 1 1 0 1 0 1 0 1 1 
1 0 1 0 1 0 1 1 1 0 1 2 1 2 2 1 2 1 0 2 1 2 2 2 1 1 1 2 0 1 1 1 1 0 2 2 2 2 0 1 1 1 1 1 1 0 1 0 1 1 0 1 0 1 1 1 1 1 1 1 3 1 1 0 1 0 1 1 0 1 1 1 1 0 0 1 1 0 1 1 1 1 1 1 1 1 1 1 1 1 1 1 1 1 1 1 0 1 1 1 3 0 1 1 0 1 0 1 1 1 1 1 1 0 1 0 1 0 0 1 0 1 1 1 1 1 1 1 1 0 1 1 1 1 0 1 1 1 1 3 1 1 1 0 1 1 1 1 0 0 1 0 0 1 1 1 1 1 1 1 
1 1 1 0 1 1 1 1 0 0 2 1 1 2 2 1 2 2 2 0 2 0 2 2 1 1 1 1 1 0 2 2 0 1 1 1 1 2 2 1 1 1 1 1 1 0 0 1 0 1 1 1 1 1 1 1 0 1 1 1 3 1 1 0 1 0 1 1 1 1 1 1 0 1 0 1 1 1 0 0 0 1 1 1 1 1 1 0 1 1 0 0 1 1 0 1 1 1 1 1 3 1 1 1 0 1 1 0 1 1 1 1 0 0 1 0 1 1 1 0 0 1 1 0 1 1 1 1 1 0 0 0 0 1 1 0 1 0 1 3 1 1 1 1 0 1 0 1 1 0 1 1 1 0 1 1 0 1 1 1 
1 0 0 0 1 1 1 1 0 2 0 0 1 1 2 1 1 0 2 1 2 0 2 2 1 2 1 1 2 1 2 1 1 1 2 0 0 1 1 1 1 1 0 1 0 1 1 0 1 1 0 1 0 1 1 1 1 1 1 1 3 0 1 1 1 1 0 1 1 1 1 1 1 1 1 0 1 1 0 1 0 1 1 1 1 1 1 1 1 1 1 1 1 2 2 2 2 1 1 2 4 2 1 1 2 0 1 1 1 2 2 2 1 0 1 0 2 2 2 1 2 0 1 0 1 0 1 1 0 1 1 1 1 1 0 1 1 1 1 3 1 1 0 1 1 1 1 1 1 1 1 1 1 1 1 0 1 1 0 1 
1 1 1 1 1 1 1 1 0 1 1 1 2 1 1 0 0 1 2 1 1 0 0 2 0 2 2 2 0 1 0 2 1 0 1 0 1 0 1 1 1 1 1 1 1 0 1 1 1 1 0 1 1 1 1 1 1 0 1 0 3 1 1 0 1 1 1 1 1 1 1 1 1 0 0 1 1 0 1 1 1 1 1 1 1 1 1 1 1 1 1 1 2 1 0 0 2 2 1 2 4 1 2 0 0 2 1 2 2 2 2 1 1 1 2 2 1 2 2 1 1 1 1 1 1 1 1 1 1 1 1 1 1 1 1 0 1 1 0 3 1 1 1 1 0 1 1 1 1 1 1 1 1 1 1 1 1 0 0 1 
1 1 1 0 1 1 1 1 2 2 1 2 1 2 1 0 1 0 2 1 1 1 1 2 1 1 2 0 2 0 2 1 1 2 2 2 2 2 0 1 1 1 1 0 1 1 0 0 1 1 0 0 1 1 0 0 0 1 1 1 3 1 1 0 1 1 1 1 1 1 1 1 1 1 1 1 1 1 1 1 1 1 1 1 0 1 1 0 1 1 1 1 2 1 0 2 1 1 0 1 4 2 2 0 2 2 2 1 2 2 2 2 0 0 2 2 0 0 1 2 1 0 1 1 0 1 0 1 1 0 1 1 1 0 1 1 0 1 1 3 1 1 1 0 1 1 1 1 1 1 0 0 0 0 1 1 1 1 1 1 
1 1 1 1 1 1 0 1 2 1 0 2 1 1 1 0 1 2 0 1 1 1 1 1 2 0 0 2 2 0 0 0 2 2 1 2 2 2 0 1 1 1 0 0 1 1 1 1 1 0 1 1 1 1 1 1 0 1 0 1 3 1 1 1 1 1 0 0 0 1 1 0 1 0 0 0 1 1 1 1 1 1 1 1 1 1 0 1 1 1 1 2 1 1 0 0 2 1 2 1 4 1 1 1 2 1 2 1 2 2 0 2 0 2 2 1 0 2 0 2 1 2 1 1 0 0 1 1 1 1 1 0 1 1 1 1 1 1 1 3 1 1 1 1 1 1 1 1 1 1 1 1 1 1 1 1 0 0 1 1 
1 0 1 1 1 1 0 1 2 1 0 0 1 2 2 1 2 1 2 1 0 1 1 1 0 0 1 2 1 1 2 1 1 2 2 0 0 2 2 0 0 1 1 1 1 1 1 1 1 0 1 0 1 1 1 1 1 1 1 1 3 1 1 1 1 1 1 1 1 1 1 1 1 1 0 1 1 1 1 1 1 1 0 0 1 1 1 0 1 1 1 2 2 2 1 2 0 0 2 2 4 2 2 0 2 1 1 1 2 1 2 1 1 2 2 2 0 1 2 3 3 4 3 3 3 3 3 3 3 3 3 3 3 3 3 3 3 3 3 3 1 1 1 1 0 1 1 1 1 1 1 1 0 1 0 1 1 1 1 1 
1 1 0 1 1 1 1 0 0 0 1 0 0 1 0 1 2 1 1 1 1 2 2 2 0 1 0 2 0 1 0 1 0 2 2 1 2 2 2 1 1 0 1 1 1 1 1 1 1 1 1 1 1 0 1 1 1 1 1 0 3 0 1 1 1 1 1 1 1 0 1 1 1 1 1 1 1 1 1 0 1 1 1 1 1 1 0 1 1 1 1 1 1 1 2 2 1 0 0 0 4 0 0 2 0 2 2 1 2 0 2 1 2 0 0 0 2 1 1 3 2 1 1 1 1 1 1 1 1 1 1 0 0 0 1 1 1 1 1 0 1 1 1 1 1 1 1 0 1 0 1 1 1 1 0 1 1 1 1 1 
1 0 1 1 1 1 1 1 1 0 2 1 0 1 2 2 2 1 2 0 0 1 0 2 0 1 0 0 0 2 1 0 1 1 2 1 2 2 2 1 0 0 1 1 0 1 1 0 1 1 1 1 1 0 1 1 1 1 1 1 3 1 1 1 1 1 1 1 1 1 1 1 1 1 1 1 1 1 1 1 1 1 1 1 1 0 1 0 1 1 1 2 2 1 0 0 2 2 1 0 4 1 2 1 2 1 1 1 0 2 1 0 1 0 0 1 1 2 1 3 1 1 0 1 1 1 1 0 0 0 1 1 1 0 1 1 1 0 1 0 1 0 0 1 1 1 1 0 1 1 1 1 1 1 1 1 1 1 1 0 
1 1 1 0 0 1 0 1 1 2 0 0 2 2 0 1 1 2 1 1 2 0 0 2 0 2 0 1 1 0 0 1 0 1 1 1 0 0 0 1 1 0 1 1 1 1 1 0 1 1 1 1 1 0 1 0 1 1 1 1 3 0 1 1 1 1 1 1 1 1 1 1 1 1 0 0 1 1 0 1 1 1 0 0 1 1 1 0 0 1 0 1 2 2 1 0 1 2 1 2 4 1 2 2 1 1 0 2 1 2 0 1 2 0 2 2 1 1 1 3 2 0 1 0 0 1 1 1 1 0 1 1 1 0 0 1 1 1 1 0 1 1 0 1 1 0 1 1 1 1 1 1 1 1 1 0 1 1 1 0 
1 1 1 1 1 1 1 0 2 2 2 1 2 2 0 2 2 1 2 1 2 1 0 1 1 2 2 2 2 2 2 1 1 1 1 2 0 1 1 1 1 1 1 1 1 0 1 1 1 1 1 0 1 1 0 0 1 1 0 0 3 1 1 1 1 1 1 1 1 1 1 1 1 1 0 1 1 0 1 1 1 1 1 1 1 1 1 1 1 1 1 1 1 2 0 0 2 2 2 2 4 1 2 1 1 1 2 1 1 2 2 2 1 1 1 2 2 2 0 4 2 2 1 1 1 1 1 0 0 1 0 1 1 1 0 1 0 1 1 1 1 1 1 1 1 1 1 1 1 1 1 1 1 1 1 1 1 1 1 1 
1 0 0 1 1 1 1 1 1 0 0 2 2 1 1 1 2 2 1 1 2 1 1 1 0 2 0 1 1 1 2 1 2 2 2 1 2 1 2 1 1 1 1 1 1 1 1 1 0 0 1 1 1 1 1 0 1 1 1 1 3 1 0 1 1 1 1 1 1 1 1 1 1 1 0 1 1 1 1 1 1 0 1 1 1 1 1 1 1 0 0 1 0 2 0 2 1 1 2 1 3 2 0 1 0 2 2 1 2 2 1 2 2 1 2 1 2 2 2 4 2 2 1 1 1 1 0 1 1 1 1 1 1 1 1 1 1 0 1 1 1 1 1 1 1 1 0 0 1 1 0 0 1 1 1 1 0 1 1 1 
1 0 0 1 1 1 1 1 1 0 0 1 2 0 1 1 1 1 2 1 2 0 2 0 1 1 2 1 2 1 1 2 1 2 2 1 0 2 2 1 0 0 1 0 1 1 1 1 1 1 1 0 1 1 0 1 1 1 1 1 3 1 1 1 1 0 1 1 1 1 1 1 1 1 1 0 1 1 1 1 0 1 1 1 1 1 0 1 0 1 1 2 1 2 2 1 2 2 1 2 4 1 0 2 2 1 1 0 0 1 1 2 2 1 0 1 2 2 2 3 1 2 0 1 1 1 0 1 1 1 1 1 1 1 1 2 1 2 2 2 1 0 2 1 0 1 2 2 0 1 0 2 0 1 1 1 1 1 1 2 
1 0 1 1 0 0 1 1 2 2 2 1 2 2 1 1 0 2 2 1 1 2 2 2 1 1 2 2 1 2 0 2 0 0 2 1 0 2 2 0 1 1 0 1 1 1 1 1 1 1 1 1 1 1 1 0 1 1 1 1 3 1 0 1 0 1 1 1 1 1 1 1 1 1 0 1 0 1 1 0 1 0 1 0 1 0 1 1 1 1 1 2 0 2 1 1 0 2 2 2 3 2 2 2 1 2 1 0 2 1 2 2 0 1 2 2 2 1 1 3 2 2 1 1 1 0 1 1 1 0 1 1 1 0 1 2 1 0 2 2 2 1 0 2 0 2 1 0 2 2 2 0 1 2 1 0 0 1 2 1 
1 1 1 0 1 1 1 1 1 0 1 1 1 0 1 1 1 1 0 0 0 1 1 1 1 1 1 1 1 0 1 0 1 1 1 1 1 1 0 0 0 1 1 1 1 0 1 1 1 1 1 1 1 1 0 1 1 1 1 1 3 1 1 0 0 0 1 1 0 1 1 1 1 1 1 0 0 1 0 1 1 0 1 1 1 1 1 1 1 1 0 1 0 2 0 1 0 0 0 1 3 2 2 2 1 0 1 1 2 0 2 2 0 2 1 1 2 1 1 3 0 1 1 1 1 1 1 1 0 1 1 0 1 1 1 0 0 2 2 1 2 2 0 2 0 2 1 1 1 1 2 0 2 0 2 0 1 2 1 1 
1 1 1 1 1 0 1 1 0 1 1 1 1 1 0 1 1 1 1 1 1 1 1 1 1 1 1 1 1 1 1 0 0 1 1 1 1 1 1 0 1 1 1 1 1 1 1 1 0 1 1 1 1 0 1 1 1 0 1 1 3 0 1 0 1 1 0 1 0 1 1 1 1 1 1 1 1 0 0 1 1 0 1 1 1 1 1 1 0 1 1 2 2 2 1 0 0 1 1 1 3 1 1 2 1 0 2 1 1 2 2 1 1 2 0 0 2 0 1 4 0 0 1 1 1 1 1 0 1 0 1 1 0 1 1 0 1 1 2 2 0 2 1 2 1 1 0 1 2 2 0 1 1 0 0 1 2 0 2 1 
1 0 0 1 0 1 1 1 1 1 0 1 1 0 1 1 1 0 1 0 1 1 1 1 1 1 0 1 1 1 1 1 1 1 1 1 1 1 1 1 1 1 1 1 1 0 1 1 1 1 1 1 1 0 1 0 1 1 0 1 3 1 1 1 0 1 1 0 1 1 1 0 0 1 1 1 1 1 0 0 1 1 1 1 1 1 1 0 1 1 1 1 0 1 1 2 2 1 2 0 4 2 2 1 1 0 1 2 1 1 2 1 1 2 2 2 2 1 1 3 1 1 0 1 1 1 1 1 1 1 1 0 1 1 1 2 1 1 1 1 2 1 2 1 2 2 2 1 2 1 2 0 1 2 2 1 2 0 0 2 
1 0 1 1 1 0 1 1 1 1 1 1 1 0 1 1 1 0 1 1 1 1 0 1 0 1 1 0 0 1 1 1 1 1 1 1 1 1 0 1 1 1 1 1 1 1 0 1 1 1 0 1 1 1 1 0 1 1 1 1 3 1 1 0 0 1 1 1 0 1 1 1 1 1 1 1 1 0 0 1 1 1 1 1 0 1 1 1 1 1 0 1 2 2 0 2 2 2 2 1 4 1 1 0 2 0 0 1 1 1 2 2 0 1 2 1 1 1 1 3 0 1 1 1 0 0 1 1 0 1 1 1 1 0 1 1 2 2 1 2 2 1 1 1 2 0 2 1 1 2 0 0 2 1 2 2 2 2 0 1 
1 1 1 1 1 0 1 1 0 0 1 0 1 1 1 1 1 0 1 1 1 1 1 1 1 1 1 1 1 0 0 1 0 1 1 1 1 1 0 1 1 1 0 1 1 1 1 1 1 1 1 1 1 1 1 1 0 1 1 1 3 1 1 1 1 1 1 1 1 1 1 1 0 1 0 1 0 1 1 0 0 1 1 1 0 0 1 1 1 1 0 0 0 2 0 2 0 1 0 1 4 2 0 0 0 2 1 0 1 1 1 0 2 0 2 1 1 2 0 4 2 0 1 1 0 1 0 1 1 0 1 1 1 1 1 1 1 0 2 2 0 1 0 2 1 2 0 0 1 1 0 2 0 1 2 2 2 2 2 2 
1 1 0 0 1 1 0 1 1 1 0 1 1 1 1 1 1 1 1 1 1 1 1 1 1 1 1 1 1 0 1 0 1 1 1 1 1 1 1 1 1 1 1 1 1 0 0 1 0 0 1 1 1 1 1 1 0 1 1 0 3 0 1 1 1 1 1 1 1 1 0 1 1 0 1 0 1 1 1 0 1 1 0 0 1 0 1 0 1 1 1 1 1 1 2 1 0 2 0 1 3 1 1 0 1 2 2 1 0 0 2 1 2 1 2 1 1 2 2 4 1 2 1 1 1 1 1 1 1 1 0 0 0 1 1 2 2 0 0 1 2 2 1 0 0 1 1 0 1 2 1 2 1 1 2 2 1 2 1 1 
1 1 1 1 1 1 1 1 1 1 1 1 1 0 1 1 1 1 1 1 0 0 1 0 1 1 1 1 1 1 1 1 1 1 1 1 0 1 1 1 0 1 0 0 1 1 1 1 0 1 1 1 0 1 1 1 1 1 1 1 3 1 1 1 1 1 1 0 1 0 1 0 1 1 1 1 0 0 0 1 1 1 1 1 1 1 1 1 1 1 1 2 0 2 2 2 1 1 2 2 3 2 1 0 1 0 0 2 1 0 2 0 2 2 0 0 1 2 2 4 1 1 1 1 0 1 0 1 1 1 1 1 1 1 1 1 2 2 2 1 0 2 1 2 2 0 2 0 2 0 2 1 0 2 1 0 1 1 1 1 
1 1 0 0 1 1 1 1 1 1 1 1 0 1 1 0 1 1 0 1 1 1 1 1 0 1 1 1 1 1 0 1 0 0 1 1 1 1 1 1 1 1 1 1 0 1 0 1 1 1 0 1 1 1 1 1 1 1 0 1 3 1 1 0 1 1 0 1 0 0 0 1 1 0 1 1 1 0 1 0 0 0 1 1 1 1 1 1 1 1 1 1 1 2 0 2 2 2 0 0 3 2 0 1 2 1 1 1 2 2 2 2 0 0 1 2 2 0 1 4 2 2 1 1 1 1 0 0 1 1 0 1 1 1 0 0 1 2 2 1 1 2 1 2 0 2 1 2 1 2 1 0 1 0 1 2 1 0 1 2 
1 1 1 1 0 0 1 1 1 1 1 0 0 1 1 1 1 1 1 1 1 0 0 1 1 0 1 1 0 1 1 1 1 0 1 1 1 1 1 1 1 0 1 1 1 0 1 1 1 0 1 1 0 1 0 1 1 0 0 0 3 1 1 1 0 1 1 1 1 1 1 1 1 0 1 1 1 1 1 1 1 0 1 1 1 1 1 1 0 1 1 0 0 1 0 2 0 2 2 1 4 2 2 1 1 2 1 2 2 2 2 0 1 1 1 2 2 1 2 4 2 1 1 1 1 1 1 1 1 0 1 1 1 1 1 2 0 1 2 0 1 2 2 1 0 1 1 2 1 1 2 2 2 2 2 1 1 1 1 2 
1 1 1 0 1 1 1 1 0 1 1 1 1 1 1 1 1 0 1 1 1 1 1 1 1 1 1 1 1 0 0 0 1 1 1 1 1 1 1 1 1 1 1 1 1 1 0 1 1 1 1 1 1 1 1 1 1 1 1 1 3 1 1 1 1 1 1 1 1 1 1 1 1 0 0 1 1 1 0 1 1 0 0 1 0 1 1 0 0 1 0 1 2 2 2 2 0 0 2 2 3 0 1 1 0 2 2 1 0 2 0 0 1 2 1 1 2 2 2 4 2 2 1 1 0 0 1 1 1 1 1 1 1 1 1 2 1 1 0 0 0 2 1 2 2 2 2 2 2 2 2 1 1 2 2 2 0 1 1 1 
1 0 0 1 1 0 1 1 1 1 1 1 1 1 1 1 1 1 1 1 1 1 1 0 1 1 0 1 1 1 1 1 1 0 1 1 1 1 1 1 1 1 1 1 1 0 1 1 1 0 1 1 1 1 1 1 0 1 1 1 3 0 1 1 1 1 1 0 1 0 1 1 1 1 1 1 1 1 1 1 1 0 1 1 1 0 1 1 1 1 0 1 1 2 2 2 0 2 0 2 3 2 2 0 2 1 1 2 1 2 2 2 1 1 1 2 1 1 1 3 2 0 0 1 1 1 1 0 1 1 1 1 1 1 1 1 1 2 2 1 2 1 0 0 0 1 0 2 0 1 0 0 1 2 1 2 2 0 1 1 
0 1 1 0 1 0 1 1 1 0 1 1 1 1 1 1 0 1 1 1 0 0 1 0 0 1 1 1 0 1 1 1 1 1 1 1 1 0 1 1 1 1 1 0 0 1 1 1 1 1 1 1 0 1 0 1 1 1 0 1 3 1 1 1 1 1 0 1 1 0 1 1 1 1 0 0 1 1 1 1 1 1 1 1 0 1 1 1 1 1 1 1 1 2 1 0 2 1 1 1 3 1 0 1 1 1 1 1 2 1 2 1 2 1 1 2 0 2 2 4 2 2 1 1 1 1 1 0 0 0 1 1 1 1 0 2 2 0 1 2 1 0 1 1 2 0 2 1 2 1 2 0 2 1 0 1 1 0 0 2 
1 1 1 1 1 1 1 1 1 0 0 1 0 1 1 1 1 1 1 0 0 1 1 1 0 0 0 1 1 0 1 0 1 1 1 1 1 1 0 1 1 1 1 1 1 1 1 1 1 1 1 1 0 1 0 1 1 0 1 1 3 0 1 1 0 0 1 1 1 1 1 0 0 1 1 1 1 1 0 1 1 1 1 1 0 0 1 1 1 1 1 2 0 2 2 2 2 0 1 0 3 2 1 2 2 0 0 0 1 1 0 1 1 0 1 1 1 2 1 3 2 1 1 1 1 1 0 1 1 0 0 1 1 1 1 1 1 0 1 1 0 2 2 2 1 2 0 1 2 1 2 2 2 1 2 1 1 1 2 1 
1 1 0 1 0 1 1 1 1 1 1 1 1 0 1 1 1 0 1 0 1 1 1 1 1 1 0 1 1 1 1 1 1 1 1 1 1 1 1 1 1 1 1 1 0 0 1 1 1 1 1 1 0 1 1 1 1 1 1 0 3 0 1 1 1 0 1 1 1 1 1 1 1 0 0 1 1 1 1 0 1 1 0 0 1 0 1 0 1 1 1 2 2 2 1 2 0 1 2 1 3 0 0 2 0 2 1 2 2 1 2 1 1 2 0 1 1 1 1 4 1 2 1 1 1 1 1 0 1 1 1 1 1 1 1 1 1 2 0 0 0 2 2 1 2 1 2 2 0 0 2 1 2 2 1 1 2 2 2 2 
0 1 1 0 0 1 1 1 1 1 1 1 1 1 1 1 1 1 1 0 0 0 1 1 1 1 1 1 1 1 1 1 1 1 1 1 1 1 1 1 1 0 1 1 1 1 1 1 1 1 1 0 1 1 1 1 0 1 1 1 3 0 1 1 1 1 1 1 1 1 1 1 1 1 1 1 1 1 1 1 1 0 0 1 1 1 0 1 1 1 1 2 1 1 2 2 0 1 1 1 3 1 1 0 2 0 1 0 1 0 1 2 0 0 1 2 2 1 2 3 2 2 1 0 1 1 1 1 1 0 1 1 1 1 0 1 1 1 2 2 1 2 0 2 2 1 0 2 2 2 2 2 2 0 1 2 1 2 1 1 
0 1 1 0 1 1 1 1 1 0 1 1 0 1 0 1 1 1 0 1 1 1 1 1 0 1 1 1 1 1 0 0 0 0 1 1 1 0 1 1 1 1 1 1 1 1 1 1 1 1 1 0 0 1 0 0 1 1 1 1 3 1 1 1 1 1 0 1 1 1 1 1 1 1 0 0 0 1 1 1 1 1 1 0 1 1 1 1 1 0 1 2 0 0 2 1 2 2 1 1 4 0 2 0 1 2 1 2 1 0 1 1 1 1 0 1 0 1 1 4 0 0 1 1 0 1 0 1 1 1 1 1 1 1 1 0 1 2 1 1 0 1 2 2 2 2 2 2 0 2 2 0 1 1 1 2 1 0 0 1 
3 3 3 3 3 3 3 3 3 3 3 3 3 3 3 3 3 3 3 3 3 3 3 3 3 3 3 3 3 3 3 3 3 3 3 3 3 3 3 3 3 3 3 3 3 3 3 3 3 3 3 3 3 3 3 3 3 3 3 3 3 1 1 1 1 1 1 1 1 1 1 1 1 1 1 1 1 1 1 1 1 1 1 1 1 1 1 1 1 1 1 1 2 2 1 2 0 2 0 0 4 0 2 0 0 1 2 1 0 2 0 1 0 2 2 1 2 1 1 4 2 2 0 1 1 1 1 1 1 1 1 1 1 1 1 2 1 2 1 1 0 2 1 2 2 2 1 1 2 2 1 0 0 1 2 2 0 1 0 2 
0 1 1 1 1 1 0 1 1 1 1 1 1 1 1 1 0 1 1 1 0 1 1 1 1 1 1 1 0 1 0 1 1 1 1 1 1 0 0 1 1 1 0 0 0 1 1 1 1 0 1 1 1 1 1 1 1 0 1 0 0 1 1 1 1 0 1 0 1 0 1 0 1 1 0 1 0 1 1 0 1 1 1 1 1 1 1 0 1 1 0 2 0 2 2 0 2 1 2 0 3 2 0 2 2 2 1 2 2 1 2 1 1 2 2 2 1 1 0 3 2 1 1 1 1 0 1 1 1 1 1 0 0 0 0 0 1 2 1 0 1 2 1 1 2 0 0 1 2 2 1 1 1 2 2 1 1 0 2 2 
0 1 1 1 1 0 0 1 1 0 0 1 1 1 1 0 1 1 1 1 0 1 0 1 0 0 1 1 1 1 1 1 1 1 0 1 1 1 1 1 1 1 1 1 0 1 1 1 1 1 1 1 0 1 0 1 0 1 1 1 1 1 0 1 1 1 0 1 0 0 1 1 1 1 1 0 1 1 1 1 1 1 1 0 1 0 1 1 1 0 1 2 2 1 0 2 2 1 1 1 4 2 1 2 2 1 0 2 2 0 0 1 2 1 2 1 2 0 2 4 2 1 1 1 1 1 1 1 0 1 1 1 1 1 1 0 1 1 0 1 1 0 2 0 1 2 2 1 1 1 1 2 2 2 1 2 0 2 1 1 
1 1 0 1 1 0 1 1 1 1 0 0 1 0 1 1 1 1 1 1 1 1 1 0 1 0 1 0 0 1 0 0 1 1 1 1 1 1 1 0 1 1 1 1 1 1 1 1 0 1 1 1 1 1 1 1 1 0 1 0 0 1 0 1 0 1 1 1 1 1 1 0 1 1 1 1 1 1 0 1 1 1 1 1 0 1 1 0 1 1 1 1 0 1 0 1 0 0 1 1 3 1 1 0 1 1 1 1 1 1 1 1 1 1 1 1 1 1 1 3 1 1 1 1 1 0 0 1 1 1 1 1 1 1 1 1 2 1 1 1 2 0 1 0 1 0 1 0 1 1 0 1 0 2 2 1 0 0 1 2 
1 1 1 1 0 1 1 1 0 1 1 1 0 1 1 1 1 1 1 0 1 1 1 0 1 1 1 1 1 1 1 1 0 1 1 1 1 1 1 1 0 0 1 1 1 1 1 1 1 1 0 1 1 1 1 1 1 1 1 1 1 1 1 1 1 1 1 1 1 1 1 1 1 1 1 1 0 1 0 1 1 1 1 1 1 1 1 1 1 1 1 1 1 1 1 1 1 1 1 1 3 0 1 1 1 1 1 0 1 1 1 1 1 1 1 0 0 1 0 3 0 0 1 1 1 1 1 1 1 1 0 1 1 1 1 1 0 0 1 1 1 2 1 0 1 1 2 1 1 2 2 1 1 1 0 0 1 2 1 2 
1 0 1 1 0 0 1 0 1 1 0 1 0 1 0 1 1 1 1 1 0 1 1 1 1 1 1 1 1 1 1 1 1 1 0 0 1 1 0 1 1 1 1 1 1 1 1 1 1 1 1 0 0 1 1 1 1 0 1 1 0 1 1 1 0 1 1 1 1 1 1 1 1 0 1 1 1 0 0 1 0 1 1 1 0 1 0 1 1 1 1 1 1 1 1 1 1 1 1 1 3 0 0 1 1 0 1 1 1 1 1 1 1 1 1 1 1 1 1 3 1 1 1 1 1 1 0 1 0 1 1 1 0 1 0 0 2 1 2 2 1 2 0 1 2 0 2 1 0 1 0 1 1 0 2 2 1 1 2 1 
1 1 1 1 1 1 1 1 1 1 1 0 0 1 2 2 1 1 0 1 3 4 3 4 4 4 3 3 4 3 3 3 3 3 3 3 3 4 4 3 3 4 3 3 3 3 3 3 3 3 3 3 3 3 3 3 3 3 3 3 3 3 3 3 3 3 3 3 3 3 3 3 3 3 3 3 3 3 3 3 3 3 3 3 3 3 3 3 3 3 3 3 3 3 3 3 3 3 3 3 3 1 0 0 1 1 1 1 1 1 1 1 1 1 0 1 1 1 0 3 1 1 0 1 1 0 1 1 0 0 1 1 1 1 0 0 1 1 0 1 1 0 1 2 1 1 2 1 1 0 2 0 1 1 0 1 1 1 2 1 
1 1 0 1 0 1 1 1 1 1 1 0 0 1 0 2 2 2 2 2 4 2 2 0 2 1 2 0 2 0 1 2 2 2 1 0 2 2 2 1 2 2 0 2 1 1 0 1 1 1 1 1 1 1 1 1 1 1 1 1 1 1 0 1 0 1 1 1 1 1 0 1 1 1 1 1 1 0 0 1 1 1 1 1 1 1 1 1 0 1 1 1 1 0 1 0 1 1 1 1 1 1 1 1 1 1 1 1 0 1 0 1 1 1 0 1 0 1 1 3 1 0 1 1 0 1 1 1 0 1 1 0 1 1 1 2 2 2 2 2 1 2 1 1 2 1 1 0 0 1 1 1 1 0 2 2 0 0 2 0 
0 1 1 1 1 0 0 1 0 1 1 1 0 0 1 2 1 0 1 1 3 0 0 1 2 2 2 2 2 2 2 0 1 2 1 2 0 2 2 1 2 1 1 2 1 1 1 1 1 1 0 1 1 1 0 1 0 1 0 1 1 0 1 1 1 1 1 0 1 0 1 0 0 0 1 1 0 1 1 1 1 1 1 1 1 1 1 1 1 0 0 1 1 1 1 1 0 0 1 0 1 1 1 1 1 1 0 1 0 1 1 1 0 1 1 1 1 0 1 3 1 1 1 0 1 1 1 1 1 1 1 1 1 1 1 2 2 0 2 1 2 0 0 2 2 0 0 0 2 2 1 1 2 1 2 1 2 1 2 0 
1 0 1 1 1 1 1 1 1 1 1 1 0 1 0 2 2 0 0 1 4 0 1 1 2 2 1 1 0 0 2 0 2 2 1 1 2 2 0 2 1 0 1 2 1 1 1 0 1 1 1 1 1 1 1 0 1 1 1 1 1 1 1 1 1 1 0 0 0 1 1 1 1 1 1 1 0 1 1 1 1 1 1 1 1 0 1 1 1 1 1 0 1 1 1 0 1 1 1 1 0 0 1 1 1 1 1 1 0 0 0 1 1 1 0 1 1 1 1 3 0 1 0 1 0 1 1 1 1 1 1 1 1 1 0 2 0 2 1 1 2 2 1 2 1 0 2 1 1 2 1 1 0 1 2 1 2 0 1 1 
0 1 1 1 1 0 1 1 1 1 1 0 1 1 0 1 0 2 1 2 3 2 1 1 0 0 2 2 1 1 1 1 1 1 0 1 0 2 0 1 0 0 2 1 1 1 1 1 1 0 0 1 1 1 1 1 1 1 1 1 0 0 1 1 1 1 0 1 0 1 1 1 1 1 1 1 1 1 1 1 1 1 1 1 0 0 0 1 1 1 1 0 1 1 1 1 1 1 0 1 1 0 1 1 1 0 1 1 1 1 1 0 0 0 1 0 1 1 1 3 1 1 1 0 1 0 1 1 0 1 1 1 1 0 1 1 2 1 2 1 0 1 0 2 1 2 2 1 1 2 0 0 0 1 2 1 2 2 2 2 
1 1 1 1 0 0 1 1 1 0 1 1 1 1 2 1 2 0 0 2 3 1 0 1 1 0 2 2 2 2 0 1 0 2 2 2 1 1 1 1 1 0 0 1 2 1 1 1 1 1 1 1 1 0 1 1 1 1 1 1 1 1 1 1 1 0 1 1 0 0 1 1 1 1 1 1 0 1 1 0 1 1 1 0 1 0 0 1 1 0 1 1 1 1 1 1 1 1 1 1 1 1 0 1 1 1 0 1 1 1 1 0 1 0 1 0 1 1 1 3 0 1 1 1 0 1 1 1 1 1 1 1 1 1 1 1 0 1 1 2 1 1 1 0 1 2 2 2 2 0 1 2 1 1 1 2 1 0 2 1 
1 0 1 1 1 1 1 1 1 1 0 1 1 1 1 1 0 1 2 2 3 1 2 2 2 1 2 0 2 2 2 1 2 0 0 1 2 1 2 1 2 2 1 0 2 0 1 1 1 0 1 1 1 0 1 1 0 1 1 1 1 1 1 1 1 0 0 1 0 1 1 1 1 1 1 0 1 1 1 0 1 1 1 1 1 0 1 1 1 0 0 0 1 0 0 1 1 1 1 0 1 0 1 1 0 0 0 1 1 0 0 1 1 1 1 1 1 1 0 3 1 1 1 1 0 1 1 1 0 1 1 1 1 1 1 0 2 0 1 0 2 1 1 1 2 2 0 0 1 1 2 0 1 0 2 2 1 1 0 2 
1 1 0 1 1 0 1 1 1 1 1 1 0 0 0 2 0 1 0 2 4 1 2 2 1 2 2 0 1 0 1 2 1 1 1 1 0 1 2 1 2 2 0 2 2 1 1 1 0 1 1 1 1 1 1 1 0 0 0 1 1 0 1 1 0 1 0 1 1 1 1 0 0 0 0 1 1 1 0 1 1 1 0 1 1 1 1 1 1 1 1 1 0 0 1 1 1 1 0 1 1 1 1 1 0 1 1 1 1 1 1 1 1 1 1 1 1 0 1 3 1 1 0 1 1 1 1 1 1 1 0 1 1 1 1 1 1 1 1 1 1 1 1 0 1 1 1 1 1 1 1 1 1 1 1 1 1 1 0 1 
1 1 0 1 1 1 1 0 1 0 1 1 1 1 2 2 1 1 1 0 3 0 0 2 2 1 2 0 1 2 2 2 2 0 1 1 2 2 2 0 0 2 1 0 1 1 1 0 1 1 1 0 1 1 1 1 1 1 1 1 1 1 1 0 1 1 0 1 1 1 0 1 1 1 1 1 1 1 1 1 1 1 1 0 1 1 0 1 0 1 1 1 0 1 1 1 1 1 1 1 1 1 1 0 1 1 1 1 1 1 0 1 1 1 1 1 1 0 1 3 1 1 1 1 1 1 1 1 1 1 1 1 1 1 1 1 1 1 1 1 1 1 1 1 0 1 1 1 1 1 0 1 1 0 1 0 1 1 1 1 
1 1 1 1 1 1 0 1 1 1 1 0 1 1 1 1 2 1 1 0 4 1 0 2 0 2 2 1 0 2 2 1 2 1 1 1 2 2 1 2 2 1 2 2 2 1 1 1 1 0 1 0 1 1 0 1 1 0 0 1 1 1 1 1 1 1 0 1 1 1 0 1 1 1 1 0 1 1 1 1 1 1 1 1 0 0 1 0 0 1 1 1 1 1 1 1 1 1 1 1 1 1 1 1 1 1 1 1 1 1 1 1 1 0 0 1 1 0 0 3 1 1 1 1 1 1 1 1 1 1 1 0 0 1 0 0 0 1 1 1 1 1 1 0 1 0 0 0 0 1 1 1 1 1 1 1 1 1 1 1 
1 1 1 0 1 1 1 1 0 1 1 0 1 1 2 2 0 2 2 2 4 1 2 0 2 1 2 1 0 2 2 0 2 2 2 1 0 0 0 0 1 1 2 1 2 1 1 1 1 1 1 1 1 1 1 1 1 1 1 1 1 1 1 1 1 1 1 1 1 1 1 1 1 1 1 0 1 1 0 1 1 1 1 1 1 1 1 1 1 1 1 1 1 0 1 1 1 1 0 1 1 1 0 1 1 0 1 0 1 1 1 1 1 0 1 0 1 0 0 3 3 3 3 3 3 3 3 3 3 3 3 3 3 3 3 3 3 3 3 3 3 3 3 3 3 3 3 3 3 3 3 3 3 3 3 3 3 3 3 3 
1 1 1 0 1 1 1 0 1 1 1 1 1 1 2 2 2 0 1 2 3 0 1 0 2 2 2 1 2 1 2 2 1 2 2 1 2 2 1 2 2 0 0 1 1 1 1 0 0 1 1 1 1 1 1 0 1 0 1 1 0 1 1 1 1 1 1 1 0 1 1 1 1 1 1 1 0 1 1 1 1 1 0 1 0 0 1 1 1 1 1 1 1 1 1 0 1 1 1 0 1 1 1 1 1 1 0 0 0 1 1 1 1 1 1 1 0 0 1 0 1 0 1 1 1 0 1 1 1 1 1 1 1 1 1 0 1 0 1 1 1 1 1 1 1 1 0 0 1 0 1 1 1 1 1 1 1 1 1 1 
1 1 1 1 0 1 1 1 0 0 1 1 1 1 1 1 2 1 1 0 4 0 0 0 1 1 0 2 1 2 0 2 1 1 2 2 1 2 0 0 2 1 0 1 0 0 1 0 0 1 0 1 1 1 0 1 1 1 1 0 0 1 1 1 1 1 1 0 1 1 0 1 1 0 0 1 1 1 1 1 0 1 0 1 1 1 1 1 1 1 1 0 1 1 1 1 1 1 0 1 1 1 1 1 1 1 1 1 0 1 1 1 1 1 1 1 1 1 1 1 1 0 1 1 1 0 1 0 0 1 0 1 1 1 1 1 0 1 0 1 1 1 0 0 1 0 1 0 0 1 1 1 1 1 1 1 1 1 1 1 
0 1 1 0 1 1 1 1 0 1 1 1 1 1 2 0 1 1 2 0 3 0 2 1 1 2 1 2 2 2 1 2 1 0 2 1 2 0 1 2 2 1 2 1 0 1 0 0 1 1 1 1 0 0 0 0 1 1 1 0 1 1 1 1 0 1 1 1 1 1 1 1 1 1 1 1 1 0 1 1 1 0 1 1 1 1 1 1 0 0 0 0 1 1 0 1 1 1 1 0 1 0 1 1 1 1 1 1 1 1 1 1 1 1 1 1 1 1 1 0 1 1 1 1 1 1 1 1 0 1 1 1 1 1 1 1 1 1 1 1 1 1 1 1 1 1 0 1 1 1 1 1 0 1 1 1 1 1 1 1 
1 1 1 1 0 0 1 1 1 1 0 1 1 1 1 2 2 0 2 1 4 1 0 1 0 1 0 0 0 1 0 2 0 2 1 2 1 1 1 0 1 1 1 1 1 0 1 1 1 1 1 1 1 1 1 0 1 0 0 1 1 1 1 0 1 1 0 1 1 1 1 0 1 1 0 1 1 1 1 0 1 1 1 1 1 1 1 1 1 1 1 1 1 1 1 1 0 1 1 1 0 1 1 0 1 1 0 1 1 1 1 1 0 1 1 0 1 1 1 1 1 1 1 1 1 1 1 1 1 1 1 1 1 0 1 1 1 1 1 1 1 1 1 1 1 0 1 1 1 1 0 1 0 0 1 1 1 0 1 1 
1 1 1 0 0 1 1 0 0 1 1 1 0 1 1 2 0 1 1 1 3 2 1 1 2 1 0 2 1 0 1 1 0 0 0 1 0 1 2 2 2 1 2 1 2 1 1 1 1 1 0 1 1 1 1 1 0 1 0 0 1 1 1 1 1 1 1 1 1 1 0 0 1 0 1 0 1 1 0 0 0 1 1 1 1 0 1 1 1 1 1 1 1 1 1 1 1 1 1 1 1 1 1 1 1 1 1 1 1 0 0 1 1 1 1 1 1 0 1 1 1 1 1 1 1 1 1 0 0 1 1 1 0 0 1 1 1 1 1 1 1 1 1 1 1 0 1 1 0 1 1 1 1 1 1 1 0 1 1 0 
1 1 1 1 1 0 1 0 1 0 1 1 1 1 1 2 2 2 1 2 3 2 0 1 2 2 2 2 1 1 1 1 0 2 2 1 1 2 1 2 1 0 1 2 1 1 1 1 1 1 1 1 1 1 1 1 0 1 1 1 1 1 1 1 1 1 1 0 1 1 1 1 1 0 1 1 0 1 1 1 1 1 0 1 1 1 1 1 1 1 0 1 1 1 1 1 0 1 1 1 1 1 1 1 1 1 1 1 1 1 1 0 1 1 1 1 1 1 1 1 0 0 1 1 1 1 1 1 0 1 1 1 1 1 0 1 1 1 1 1 0 1 1 0 1 0 0 1 1 1 1 1 1 1 1 1 1 1 0 1 
1 1 1 1 1 1 1 1 1 1 1 1 1 0 2 2 2 2 1 1 4 0 1 0 2 1 1 2 1 1 1 1 1 2 1 1 2 1 1 2 2 2 1 2 2 0 1 1 1 1 1 1 1 1 0 1 0 0 1 1 1 1 1 1 1 1 1 0 1 1 0 1 1 0 1 1 1 0 1 1 1 0 1 1 1 1 1 1 1 1 1 0 0 1 1 0 1 1 1 0 1 1 0 1 1 1 1 0 1 0 0 1 0 1 1 0 1 1 1 1 1 1 1 1 1 0 1 1 0 1 1 1 1 1 1 1 1 1 1 0 1 0 1 1 1 1 0 1 1 0 0 1 0 0 1 1 1 1 0 1 
1 1 1 1 1 0 1 1 1 1 1 1 1 1 2 2 2 1 2 2 4 0 1 2 0 1 1 1 1 0 2 2 2 1 1 1 0 1 2 1 1 2 1 1 2 1 1 1 1 1 1 1 1 0 1 0 1 1 1 1 1 1 1 1 1 1 1 1 0 0 1 0 1 0 1 0 0 1 1 1 1 1 1 1 1 1 0 1 1 1 0 0 1 1 1 1 1 1 0 1 1 1 1 1 1 1 0 1 0 1 1 1 1 1 1 1 1 0 1 1 1 1 1 1 1 1 0 1 1 1 1 0 1 1 1 1 1 1 0 1 1 1 1 0 1 0 1 1 1 1 0 1 0 1 1 1 1 1 0 1 
0 1 1 1 1 1 1 1 1 1 1 1 1 1 2 2 1 1 0 0 3 2 2 2 0 1 1 1 1 1 2 1 2 1 0 1 2 1 2 2 1 0 2 0 1 1 0 1 1 0 1 1 1 1 1 1 1 1 1 1 1 1 0 1 1 1 1 1 1 1 1 0 1 1 1 1 1 0 1 0 0 0 1 1 0 1 1 1 1 1 1 1 1 0 1 0 1 1 1 0 1 1 1 1 1 1 1 1 1 1 1 1 1 1 1 1 1 1 1 1 1 1 1 0 0 1 1 1 1 1 1 1 1 0 1 6 0 1 1 1 1 0 0 1 1 1 1 1 1 1 1 1 1 1 1 1 1 1 1 1 
1 1 1 1 0 1 1 0 1 1 1 1 1 1 0 0 0 2 1 2 3 0 2 2 2 2 2 0 1 1 2 2 0 1 2 2 2 1 2 1 0 1 0 2 2 1 0 1 1 1 1 1 1 1 1 1 1 1 1 1 1 0 1 1 1 0 0 1 1 1 1 1 1 1 1 1 0 1 1 1 0 1 1 0 0 0 1 0 1 0 0 1 1 1 1 1 0 1 1 1 1 1 1 1 1 1 1 0 1 0 1 0 0 1 1 1 1 1 0 1 0 0 1 0 0 0 1 1 0 0 0 1 1 1 0 1 1 1 0 1 1 1 1 1 1 1 1 1 0 1 1 1 0 1 1 1 0 1 1 1 
