117 30
115 141
20 125
115 112
84 115
76 134
39 84
29 41
80 109
29 146
1 0 1 1 1 1 1 1 1 1 1 1 0 1 0 1 1 1 1 1 0 1 1 1 0 1 1 1 1 1 1 0 1 1 1 1 1 1 1 1 1 1 0 1 3 1 0 1 0 1 0 1 1 1 1 0 1 1 1 1 1 0 1 1 1 1 1 0 0 0 1 1 1 1 1 1 1 0 1 0 0 1 1 1 1 1 1 1 1 0 1 1 1 1 1 1 0 1 1 1 1 1 1 0 1 1 1 0 1 1 1 1 1 1 1 1 1 1 1 1 1 1 1 1 1 1 1 1 0 1 1 0 1 0 1 1 1 0 1 1 1 1 0 1 1 0 1 1 1 1 1 1 0 1 1 1 1 1 0 3 
1 1 1 1 1 1 1 1 1 1 1 1 0 1 1 1 1 1 1 0 1 1 1 1 0 1 1 1 1 1 1 1 0 1 1 1 1 1 0 1 0 0 1 1 3 1 0 1 1 1 1 1 0 1 1 1 1 1 1 1 1 1 1 1 1 1 1 1 1 0 0 1 1 1 0 1 0 1 0 1 0 0 1 0 0 1 1 1 1 1 1 1 0 1 1 0 1 1 1 1 1 1 1 1 1 0 0 1 1 1 1 1 1 1 0 0 0 1 1 1 1 0 1 1 0 0 1 1 1 0 1 1 1 1 1 0 1 1 1 1 0 0 0 1 1 1 1 1 1 1 0 1 1 0 0 1 0 1 1 3 
1 1 1 1 1 1 1 1 0 1 1 0 1 1 1 1 1 0 1 1 1 1 0 0 1 1 1 0 1 0 1 1 1 1 1 1 0 1 0 0 1 1 1 1 3 0 1 1 0 1 0 1 1 0 1 0 1 1 1 1 1 1 1 1 1 1 1 1 1 0 1 0 1 1 1 1 1 1 1 1 1 0 0 0 0 1 1 1 1 1 0 0 1 0 1 1 1 0 1 0 0 1 1 1 1 1 1 0 1 1 1 0 1 1 1 1 1 1 1 1 1 1 0 1 1 1 1 1 1 1 1 1 1 1 1 1 1 1 1 1 1 0 1 1 1 0 1 0 1 1 1 1 1 1 1 1 1 1 1 3 
1 1 1 1 1 1 1 0 1 1 1 1 0 1 0 1 1 1 1 1 1 1 1 0 1 1 1 1 0 0 0 1 1 1 1 1 1 1 1 1 0 1 0 1 3 1 1 1 0 1 1 1 1 0 1 0 1 1 1 1 0 1 1 0 1 0 1 1 1 0 1 1 1 0 1 1 0 0 0 1 1 1 1 1 1 1 1 1 1 1 0 1 1 0 1 0 0 1 1 0 1 0 0 1 0 1 1 1 1 1 1 1 0 1 1 1 1 1 1 1 1 1 1 1 0 1 1 1 0 0 1 1 1 1 0 0 1 1 1 1 1 1 1 0 1 0 1 0 1 1 1 1 1 0 1 1 1 1 1 3 
1 1 1 1 1 1 0 1 1 0 1 1 1 1 1 0 1 1 1 1 0 1 1 1 1 1 1 1 1 1 1 1 1 1 1 1 1 1 1 1 0 1 1 0 3 1 1 1 1 1 1 1 1 0 1 1 1 1 0 1 1 0 1 1 1 1 1 0 1 1 0 1 1 0 1 1 1 1 1 1 1 1 1 1 1 1 1 0 1 0 1 0 1 1 1 1 1 1 1 1 1 1 1 1 1 0 1 0 0 1 1 1 0 1 0 1 1 1 1 1 1 1 1 1 1 1 1 1 0 1 1 1 1 1 0 1 1 1 1 1 1 0 1 1 1 1 0 1 1 1 1 1 1 1 1 1 1 0 1 3 
1 1 1 1 0 1 1 1 1 1 1 1 0 1 1 0 1 0 1 0 1 1 1 1 0 1 0 1 1 1 0 1 1 1 1 1 1 1 1 1 0 0 1 1 3 1 1 1 1 1 1 1 1 1 1 1 1 1 1 1 1 1 1 1 0 1 0 1 1 1 1 1 0 1 1 1 1 1 1 0 1 1 0 1 1 0 1 1 0 1 1 0 1 1 1 1 0 1 1 0 0 1 1 1 1 1 1 1 1 1 2 2 1 2 1 1 1 2 2 2 2 0 2 1 2 1 2 2 0 1 1 0 2 1 1 2 2 2 1 1 0 1 1 1 0 1 1 1 1 1 1 1 1 1 1 1 1 0 1 3 
1 1 1 1 1 1 0 0 1 1 1 1 1 1 0 0 1 1 0 1 1 1 1 0 0 0 1 1 1 1 1 1 1 1 1 0 1 1 1 1 1 1 1 1 3 1 1 1 1 0 1 0 1 0 1 1 1 1 0 1 1 0 1 1 1 1 1 1 1 1 1 0 1 1 1 1 0 0 1 1 1 1 0 1 1 1 1 1 1 1 0 0 1 1 0 1 0 1 1 1 1 1 1 1 1 1 1 0 0 0 0 1 1 1 2 2 0 0 0 2 1 0 2 2 1 1 1 1 2 1 1 2 2 2 1 2 0 2 2 1 1 1 1 1 1 0 1 1 1 1 1 1 1 0 0 1 1 1 1 3 
1 1 0 1 1 1 1 1 1 0 1 0 1 1 1 1 0 1 1 0 1 1 1 1 1 1 0 1 1 1 1 1 1 0 1 1 0 1 1 1 1 1 1 0 3 1 1 1 1 0 1 1 1 1 1 1 0 0 1 1 1 1 1 1 0 1 1 0 1 1 1 1 1 1 1 1 1 1 0 1 1 1 1 1 1 1 1 1 0 1 0 1 1 1 1 1 1 0 1 1 1 1 1 1 1 1 1 1 1 1 1 2 2 0 2 1 1 1 1 2 1 2 0 0 2 2 1 2 1 2 2 0 2 1 2 1 1 1 1 1 1 1 1 1 1 1 1 1 1 1 1 1 1 1 1 1 0 0 1 3 
0 1 1 1 0 1 1 0 1 0 1 1 1 1 1 1 1 0 1 1 0 1 1 1 0 0 0 1 1 1 1 1 0 1 0 1 1 1 1 1 1 1 0 1 3 1 1 0 1 1 1 1 0 1 0 0 1 1 1 1 1 1 1 1 1 1 1 1 1 1 1 0 1 1 1 1 1 1 1 1 0 1 1 1 1 1 1 0 1 1 1 1 1 1 1 1 1 0 0 1 1 1 1 1 1 0 1 1 1 0 2 2 2 0 1 2 1 1 2 2 1 2 1 1 2 1 1 0 0 2 1 2 1 0 2 2 2 2 1 2 0 1 1 0 1 1 1 1 1 0 1 1 1 1 1 1 0 0 0 3 
1 1 1 1 0 0 0 0 1 0 1 1 1 1 1 1 1 1 1 1 1 1 1 1 1 1 1 1 1 1 1 1 1 1 0 1 1 1 1 0 1 1 1 1 3 1 1 1 1 1 1 1 0 0 1 1 0 1 1 1 1 1 1 1 1 1 1 0 1 0 0 1 1 1 1 1 1 1 1 0 1 1 1 1 0 1 1 1 1 1 0 1 1 1 0 1 1 0 0 1 0 1 0 1 1 1 1 1 1 1 2 2 2 2 0 1 1 1 2 1 1 1 0 1 2 2 1 1 0 1 1 1 1 2 0 1 1 1 2 2 1 1 1 1 0 1 1 1 1 0 0 1 1 1 1 1 0 1 1 3 
1 1 1 1 1 1 1 1 1 1 1 1 1 1 0 1 1 0 1 1 1 1 1 1 1 1 1 1 1 1 1 1 1 1 1 1 1 1 1 1 1 1 0 1 3 1 1 1 1 1 0 1 1 1 1 0 1 1 1 0 1 1 1 1 1 1 1 1 1 1 1 0 0 1 1 1 1 1 1 1 0 1 1 0 0 1 1 0 1 0 1 1 1 1 1 1 1 0 1 1 1 1 1 1 1 0 1 1 1 1 2 2 0 2 0 2 2 1 0 0 2 2 2 1 1 0 0 2 1 0 1 2 1 2 0 2 1 2 1 1 2 0 0 1 0 1 1 1 1 1 1 1 1 1 0 1 1 1 1 3 
0 0 1 1 1 1 1 1 1 1 1 0 0 1 1 1 1 1 0 1 0 1 1 1 1 1 0 1 0 1 0 1 1 1 1 1 0 1 1 1 1 1 1 0 3 0 0 1 1 1 1 0 1 1 1 1 1 1 1 1 0 1 0 1 1 1 0 1 1 1 1 1 0 0 1 1 1 1 1 1 1 0 0 1 1 1 1 1 1 0 1 1 1 1 1 1 0 1 0 1 1 1 1 0 1 1 1 1 1 1 2 1 0 2 2 1 0 0 0 0 0 0 0 2 1 1 2 1 1 1 0 0 2 1 2 2 1 0 1 1 2 1 1 1 1 1 1 1 0 1 1 1 1 1 1 1 1 0 1 3 
1 1 1 1 1 1 1 1 1 1 1 0 1 1 1 0 0 0 1 1 1 1 1 0 0 1 0 0 0 1 0 1 1 0 1 0 0 1 1 0 1 1 0 1 3 1 1 1 1 1 1 0 1 1 1 1 1 1 1 0 1 1 1 0 1 1 0 1 1 0 0 1 1 1 1 1 0 1 1 0 0 0 1 1 1 1 1 1 1 1 1 1 1 1 0 0 1 1 1 0 1 1 0 1 1 0 1 1 1 1 1 2 0 1 2 1 1 2 2 2 1 0 2 0 2 1 1 2 1 2 2 1 1 2 1 1 2 0 1 2 2 1 1 1 1 0 1 1 0 1 0 1 1 1 1 1 1 1 1 3 
1 1 1 0 1 1 0 1 1 1 1 1 1 1 1 1 0 1 1 1 0 0 1 1 1 1 1 1 1 1 1 0 1 1 0 1 0 0 1 0 0 1 1 0 3 1 1 1 1 1 1 1 1 1 0 1 1 1 1 1 1 0 0 1 1 1 1 1 0 0 1 1 1 1 1 1 0 1 0 1 1 1 0 1 1 1 1 0 1 1 1 1 0 1 1 1 1 1 1 1 1 1 1 1 1 1 1 1 1 0 2 1 2 0 1 1 2 1 2 0 0 1 1 1 2 2 1 0 2 2 1 2 2 1 2 2 2 1 2 2 1 1 0 1 1 1 1 0 1 1 1 1 1 1 0 0 0 1 1 3 
1 1 1 1 1 1 1 0 1 1 1 1 0 0 1 1 0 1 0 0 1 1 1 1 1 1 2 0 1 1 0 0 2 0 1 0 1 1 2 0 1 0 0 0 3 1 1 1 0 2 2 2 2 0 2 1 0 1 1 1 1 1 0 1 0 1 1 0 1 1 1 0 1 1 1 1 1 1 0 1 1 1 1 1 1 0 1 0 1 1 1 1 1 0 1 1 1 1 0 0 1 0 0 1 1 1 1 1 1 1 2 1 1 1 0 1 0 1 1 2 1 1 2 0 0 2 2 1 1 2 1 2 0 2 2 2 1 2 2 2 2 2 2 2 1 2 2 1 0 0 2 1 0 1 2 2 2 0 2 3 
1 1 1 1 0 1 1 1 1 1 1 1 0 0 0 1 1 1 1 1 0 1 0 1 1 1 2 1 0 1 2 1 2 2 1 2 1 2 2 2 0 1 1 2 4 1 2 2 1 0 2 2 2 0 2 1 1 1 1 1 0 1 1 0 1 1 1 1 1 1 1 1 1 1 1 1 0 1 0 1 1 1 1 1 1 0 1 1 1 0 1 1 1 1 0 1 1 1 1 1 0 1 1 1 0 1 0 1 1 1 2 0 1 2 0 1 2 2 0 1 0 2 1 1 1 2 0 2 1 1 1 2 2 1 2 2 0 2 0 1 2 0 0 1 0 2 2 1 2 1 2 1 1 2 1 2 2 1 2 4 
0 1 0 1 1 1 0 1 1 1 1 1 1 1 1 1 1 1 1 1 1 1 1 0 1 0 2 1 0 1 0 1 0 2 1 0 2 1 0 2 1 1 2 1 3 2 1 0 1 1 2 0 2 2 2 2 1 1 0 1 1 1 0 1 1 1 1 1 1 0 1 1 0 1 1 1 1 1 1 1 0 1 0 1 1 0 1 0 1 1 1 1 0 1 1 1 0 1 1 1 1 1 1 1 1 1 1 1 0 1 2 1 0 2 0 1 0 2 2 1 0 2 2 1 0 2 2 0 2 2 1 1 1 2 1 0 2 2 1 2 2 1 2 0 1 0 2 1 1 1 2 0 1 1 1 1 0 1 0 3 
1 1 1 1 1 1 1 1 1 1 1 0 1 1 0 1 1 1 1 0 1 1 0 1 1 0 2 0 1 2 2 2 2 2 0 2 0 1 1 1 1 0 2 1 3 1 1 1 1 2 1 1 2 2 1 0 2 1 1 1 1 1 1 1 1 1 0 1 0 1 1 1 0 1 1 1 1 1 1 0 1 1 1 1 1 1 1 1 1 1 0 0 1 1 1 1 0 0 1 1 1 1 1 1 1 1 1 0 1 1 0 2 2 1 0 2 1 1 1 2 0 2 2 0 1 0 1 1 1 2 1 2 0 0 2 0 2 2 0 2 1 1 1 0 2 1 2 1 1 2 1 2 0 0 2 0 2 1 2 3 
1 1 1 1 1 1 1 1 1 0 1 1 1 1 1 1 1 1 1 1 1 0 1 1 1 1 2 2 1 1 1 1 1 0 2 0 0 1 1 1 1 1 0 1 3 1 1 1 1 1 1 1 1 2 1 2 0 0 1 1 1 1 1 0 1 1 1 1 1 1 1 1 0 1 1 0 1 1 0 1 1 1 1 1 1 1 1 1 1 0 1 1 1 0 1 1 1 1 1 1 1 1 1 1 1 1 1 1 1 0 2 2 1 2 1 2 1 1 1 0 2 1 2 0 2 1 1 1 1 1 1 1 1 2 2 0 0 2 2 2 2 1 2 1 1 0 1 1 2 0 1 1 1 1 2 1 2 2 1 4 
0 1 0 1 1 0 1 0 1 1 1 1 1 1 1 0 1 1 1 1 0 1 1 1 0 0 1 0 1 0 0 1 0 1 1 1 1 1 2 2 1 1 0 0 3 2 1 1 1 1 1 2 2 1 2 2 1 1 1 1 1 1 1 1 1 1 1 1 0 1 1 1 1 0 0 1 1 0 1 1 1 1 1 1 0 1 0 1 1 0 1 1 1 1 1 1 1 1 1 0 1 1 1 1 1 1 1 1 1 0 2 2 1 1 1 1 2 0 2 1 0 2 1 2 2 2 2 0 2 2 0 2 2 0 2 2 2 2 2 2 1 1 2 0 2 2 1 2 1 1 1 2 0 2 0 1 0 1 2 4 
1 1 1 1 0 1 1 1 0 1 0 1 1 0 1 1 0 1 1 1 0 1 0 1 1 1 2 0 1 2 1 2 0 2 2 1 1 1 1 2 1 0 2 1 3 2 0 2 1 1 2 2 1 2 1 0 0 1 1 1 1 1 0 0 1 1 1 1 0 1 1 1 1 1 1 1 1 1 1 1 0 1 0 1 0 1 0 1 1 1 0 1 1 1 0 0 1 1 0 1 1 1 1 1 0 0 0 1 1 1 1 2 1 0 1 2 2 2 1 2 1 2 1 2 1 1 1 0 1 2 2 2 0 2 2 2 0 1 2 0 2 2 2 1 2 0 2 1 0 2 1 0 1 1 0 2 2 0 0 3 
1 1 1 1 1 1 0 1 0 1 1 1 1 1 1 0 1 1 1 1 0 1 1 1 1 1 1 2 1 0 1 1 2 2 1 0 2 2 1 2 0 0 2 1 3 0 1 2 2 1 0 2 2 2 0 0 1 1 1 1 0 1 1 1 1 1 1 1 1 0 0 1 1 1 1 1 1 0 1 1 1 0 1 1 1 1 1 1 1 1 1 0 1 1 1 1 0 1 1 1 1 1 1 0 1 1 0 1 1 1 0 2 2 1 2 2 2 2 2 2 2 0 2 2 2 1 1 2 2 0 0 2 2 1 2 2 2 0 1 2 2 2 1 0 0 2 2 0 1 0 1 0 2 1 1 1 2 1 1 3 
1 1 1 0 1 1 1 1 1 1 0 1 1 1 0 1 1 1 1 1 0 1 1 1 1 0 2 2 1 1 1 2 0 2 2 1 1 1 2 2 0 2 1 1 3 1 1 1 2 1 1 2 1 0 2 2 2 1 1 1 1 1 1 1 1 0 1 1 1 1 1 0 1 1 1 1 1 1 1 0 1 0 1 1 1 1 1 1 1 1 1 1 1 0 1 0 1 1 1 0 1 1 0 1 0 1 1 0 0 1 0 1 1 2 1 1 1 2 2 2 0 1 2 2 2 1 0 1 0 1 2 1 0 2 2 2 2 2 2 0 1 2 1 0 2 2 2 2 2 1 2 2 2 1 1 1 2 0 2 3 
0 0 0 1 1 1 0 1 1 1 1 1 1 1 1 1 0 0 1 1 0 1 1 0 1 1 2 0 2 2 2 1 2 0 2 0 2 1 2 1 2 1 2 2 3 1 1 1 2 2 2 1 1 0 2 2 0 1 0 1 0 1 1 1 0 0 1 1 1 1 1 1 1 1 1 0 1 1 1 1 1 1 1 1 1 0 1 1 1 1 1 1 1 1 1 1 0 0 1 1 1 1 1 0 1 0 1 1 0 1 2 0 1 1 2 0 2 2 1 1 0 2 1 1 1 1 1 0 2 2 2 0 2 2 2 2 1 2 2 2 0 1 2 2 1 0 1 2 2 2 1 0 2 0 0 0 1 0 1 3 
1 1 1 1 1 0 0 1 1 1 1 1 1 1 1 1 1 1 1 0 0 1 1 1 1 1 1 2 1 1 1 2 2 1 2 0 0 1 1 2 2 1 1 2 3 0 2 2 1 2 2 1 1 2 1 1 2 1 1 0 1 1 1 1 1 0 0 1 1 2 1 2 2 1 0 1 1 0 0 2 1 1 1 0 2 1 0 1 2 2 1 1 1 2 2 0 2 0 2 1 0 1 1 1 1 0 1 0 1 1 1 1 0 1 2 1 2 2 2 0 0 0 0 0 1 2 1 1 2 1 0 1 2 2 1 1 2 0 1 2 1 1 2 0 2 2 2 0 1 1 2 2 1 1 1 2 2 1 2 3 
1 1 1 1 1 0 0 1 1 1 0 1 1 1 1 1 1 1 1 1 0 1 0 0 1 1 1 2 1 2 1 1 2 2 2 2 0 0 1 2 0 2 0 0 3 1 0 1 2 2 2 2 0 1 1 2 2 0 1 1 1 1 1 0 0 1 1 1 1 1 1 0 1 0 0 2 0 0 2 2 2 2 1 2 2 0 2 0 0 2 2 2 2 1 2 2 0 1 2 2 1 1 0 0 0 1 1 1 1 1 0 0 1 2 1 0 1 1 2 2 2 0 0 2 2 0 2 0 1 0 0 2 0 2 2 2 2 2 2 2 2 0 2 2 2 0 0 1 1 0 2 1 2 1 0 0 2 0 2 4 
1 0 1 1 1 1 1 1 1 1 0 0 1 1 1 1 0 1 1 1 1 1 1 1 1 1 0 1 0 2 0 2 1 2 1 0 2 0 0 1 2 2 2 2 3 0 1 2 1 0 0 2 1 2 1 2 1 1 0 1 1 1 1 1 1 1 1 1 1 2 0 1 1 2 1 2 0 1 0 1 2 1 2 2 2 0 1 2 1 2 0 0 2 1 1 2 0 1 0 0 1 1 1 1 0 0 0 1 0 1 1 1 2 1 1 1 1 2 2 2 2 1 2 2 1 1 0 0 2 2 1 2 1 0 1 2 2 1 2 2 2 0 2 2 1 1 2 2 1 1 1 1 2 2 2 2 1 0 0 3 
0 1 1 1 1 1 1 1 1 1 0 1 1 1 1 0 1 1 1 1 1 1 1 0 0 0 2 2 2 2 2 2 2 1 2 1 2 1 0 2 1 1 1 2 3 1 0 0 0 1 1 1 1 1 2 2 2 0 0 0 1 1 1 0 1 1 1 1 1 1 2 1 0 2 2 2 0 2 0 1 1 2 2 1 1 0 2 1 2 2 1 0 2 1 2 1 2 0 2 1 1 1 1 1 1 1 1 1 1 1 2 2 1 1 0 2 2 1 2 1 1 2 2 1 2 1 1 0 1 1 0 1 2 1 0 1 0 2 1 0 2 1 1 1 1 1 1 2 0 1 1 1 2 1 2 1 1 2 1 3 
1 1 1 1 0 1 1 1 1 1 1 1 1 1 1 1 1 1 1 1 1 0 0 1 0 1 1 0 2 1 1 2 1 1 2 2 2 1 2 1 1 1 1 2 4 0 2 2 2 2 1 1 2 0 2 2 2 1 1 0 1 1 1 0 0 1 1 1 1 1 0 2 1 1 2 2 2 1 2 2 1 1 1 0 0 2 2 0 0 0 2 1 1 0 1 1 2 1 1 1 1 1 1 0 1 1 0 1 1 1 1 1 2 0 1 1 1 2 2 1 1 1 1 0 1 2 1 1 0 2 2 1 0 0 2 2 2 2 2 0 1 0 1 0 0 0 1 0 2 1 0 2 0 1 2 0 2 2 1 3 
1 1 1 1 1 0 0 1 1 1 1 0 1 1 1 1 1 1 0 1 1 1 1 1 0 0 2 0 2 0 1 2 2 2 1 0 1 1 2 2 1 2 2 2 4 2 0 2 1 1 2 2 2 1 1 0 2 1 1 1 1 1 1 1 0 1 1 1 1 2 1 1 2 2 2 1 1 0 0 2 1 0 2 2 1 1 2 1 1 2 0 2 0 1 1 0 2 2 0 2 1 1 1 1 1 1 1 1 1 1 0 0 0 1 2 1 1 0 2 0 1 1 1 1 1 1 1 0 0 1 2 0 2 2 2 0 1 2 2 2 2 2 0 1 2 0 2 2 2 1 2 1 1 1 2 1 0 2 2 3 
1 1 1 1 1 0 0 1 1 1 1 1 1 1 0 1 1 0 1 1 1 0 1 1 1 1 1 2 0 2 2 0 2 2 1 2 1 1 1 1 2 1 2 1 4 0 1 0 2 2 2 1 2 2 2 0 2 1 0 1 1 0 1 1 1 1 1 1 1 1 1 1 0 1 1 1 2 2 1 0 2 1 2 2 2 2 0 1 2 2 2 2 1 2 1 1 1 1 2 0 1 1 1 1 1 1 1 0 1 1 0 1 0 0 0 0 1 0 2 0 2 1 2 2 2 0 1 2 1 1 1 2 1 0 2 2 2 2 2 2 2 0 1 2 2 0 2 1 2 2 1 0 2 0 2 2 2 1 1 4 
1 1 1 0 1 1 1 0 1 1 1 1 1 1 1 1 1 1 1 1 1 1 0 1 1 1 2 0 1 0 2 2 1 1 2 1 2 0 0 1 1 1 1 1 4 2 0 2 1 2 1 2 2 1 1 2 2 1 1 1 1 1 0 1 1 1 1 1 1 1 0 2 2 1 2 0 1 2 0 0 0 0 2 1 2 2 2 1 0 1 0 2 2 2 1 1 0 2 1 0 0 1 0 1 0 1 1 0 0 0 0 0 2 1 2 2 2 1 1 0 0 1 2 2 1 2 0 1 2 0 1 0 0 2 2 2 0 2 2 2 2 1 0 1 1 0 2 1 1 1 0 2 2 1 1 1 1 2 2 3 
1 1 0 0 1 1 1 1 1 0 1 1 1 1 1 1 1 1 0 1 1 1 0 1 1 1 0 0 0 1 1 1 0 2 0 2 1 1 1 2 1 1 0 2 4 2 2 0 1 1 0 2 2 1 2 2 1 0 1 1 1 1 0 1 1 1 1 1 1 2 1 0 2 2 1 1 1 1 0 1 0 2 0 1 0 2 1 0 1 1 1 2 2 2 2 2 2 1 0 1 1 1 1 1 0 1 0 1 0 1 2 1 2 1 1 1 2 2 0 1 2 2 0 1 0 1 2 0 0 0 1 1 0 1 2 0 0 0 0 2 2 1 2 2 1 2 2 2 2 1 1 2 2 1 0 2 0 2 1 3 
1 1 1 1 1 1 0 1 1 0 1 1 1 1 1 1 1 1 1 1 1 1 1 0 1 0 1 1 2 1 2 0 1 2 2 2 2 1 2 1 1 2 1 1 4 1 1 0 1 1 1 2 2 2 2 2 1 0 0 1 1 1 1 1 1 1 1 0 0 1 1 1 2 0 2 2 2 0 0 2 0 1 1 2 1 1 1 0 2 0 1 2 2 1 2 2 1 0 2 1 1 0 0 1 0 0 1 1 0 1 2 0 0 0 2 2 1 0 2 2 2 2 0 2 2 1 1 1 2 0 1 2 0 2 2 0 2 2 2 2 2 1 2 2 1 1 2 0 2 2 2 0 1 2 1 2 1 0 1 3 
1 1 1 1 0 1 1 1 1 0 1 1 1 1 1 0 1 1 1 0 1 1 1 1 1 0 2 0 1 1 2 2 2 0 1 0 1 1 1 2 1 1 1 1 3 2 2 1 1 1 0 2 1 2 0 2 1 1 1 1 0 1 1 1 1 1 1 1 1 2 2 2 1 1 2 2 1 1 0 2 1 1 2 2 0 1 1 0 1 2 2 0 0 2 2 2 1 0 2 1 0 1 0 1 1 1 1 1 1 0 2 1 1 2 1 2 1 1 0 1 2 1 2 2 1 1 2 2 2 2 1 1 2 2 2 2 2 2 2 2 1 1 1 2 1 1 2 2 1 2 2 2 1 0 0 0 1 1 1 3 
1 0 0 1 0 1 0 1 1 0 1 0 1 0 1 0 1 0 0 1 0 0 1 1 1 0 2 1 0 1 1 2 2 2 1 2 1 1 0 2 1 2 1 2 4 0 2 1 1 1 1 1 0 2 0 2 1 1 1 1 0 1 0 1 0 1 0 1 1 1 1 0 2 0 2 2 2 0 2 0 1 2 1 2 1 2 2 2 1 2 0 2 1 2 2 0 2 1 0 1 1 1 1 1 1 1 1 0 1 1 1 2 2 0 2 1 1 1 2 1 0 1 2 0 2 1 2 1 2 2 2 0 2 1 2 0 0 0 1 0 2 1 0 0 0 2 1 1 1 2 2 2 1 0 1 1 1 1 1 3 
1 1 1 0 1 1 1 1 0 1 1 1 0 0 1 1 0 0 1 0 0 0 1 1 1 1 0 1 2 1 1 2 2 1 2 2 2 1 2 0 2 2 0 2 4 1 0 2 2 1 1 2 1 0 1 2 1 1 1 0 1 1 1 0 0 1 1 1 0 1 2 1 2 2 1 0 0 2 1 2 1 2 0 0 0 1 1 1 2 1 2 2 2 2 2 1 0 1 1 0 1 0 1 1 1 1 0 0 1 1 0 1 1 1 1 1 1 1 1 1 1 1 1 0 0 1 1 1 1 0 0 2 0 2 1 1 0 2 1 2 0 1 1 0 1 2 2 2 1 2 2 0 1 0 2 1 2 0 0 4 
0 1 0 1 1 1 1 1 1 1 1 1 1 1 1 1 1 1 1 1 1 1 1 0 0 1 1 1 2 2 1 2 2 1 2 1 0 2 1 1 2 1 1 2 3 2 0 2 1 0 2 2 0 1 2 0 1 1 1 1 0 1 1 0 1 1 1 0 1 2 1 1 1 0 1 2 1 0 2 0 1 0 0 2 1 2 0 1 0 1 1 1 0 2 0 2 0 2 1 2 1 1 1 0 1 1 0 1 1 1 1 1 1 1 1 0 1 0 0 1 1 1 1 1 1 1 1 1 1 1 1 2 2 2 2 0 2 2 2 0 1 2 2 2 1 2 2 2 0 0 2 2 1 1 0 0 0 2 0 3 
0 1 1 0 1 1 0 0 1 0 1 0 0 1 1 1 1 0 0 0 0 1 1 0 1 1 2 0 2 0 0 1 2 0 1 2 1 2 0 2 0 2 2 2 3 1 2 2 2 2 1 2 2 1 2 1 1 1 1 1 1 0 1 1 1 1 1 1 0 1 0 0 1 2 0 1 2 1 1 0 1 2 0 1 1 0 2 1 2 2 2 1 2 2 1 2 2 0 2 2 1 1 1 1 1 1 0 1 1 1 1 1 1 1 1 1 1 1 1 1 1 1 1 1 0 1 1 1 1 0 1 0 1 1 2 2 1 2 1 0 2 2 1 0 0 1 2 1 2 1 2 2 2 2 1 0 1 0 2 4 
0 1 1 1 0 1 0 0 0 1 1 1 0 0 0 0 1 1 0 1 1 0 1 1 1 1 1 1 2 2 0 2 2 1 1 0 0 2 2 1 1 2 1 1 4 2 0 0 2 2 2 2 2 0 0 0 2 0 0 1 1 1 1 0 1 1 1 1 1 2 2 1 1 0 2 1 0 0 2 0 1 0 1 0 1 0 1 1 2 2 0 2 2 2 2 1 1 1 1 2 1 1 1 1 1 1 1 1 1 0 1 1 1 1 1 1 0 1 0 1 1 0 1 1 1 1 1 1 0 1 1 1 0 0 1 1 2 1 0 1 1 0 1 2 1 2 0 1 2 2 2 1 1 2 0 1 1 0 2 3 
1 0 1 1 1 1 1 1 1 1 1 0 0 1 1 0 1 1 1 1 1 1 1 1 1 1 2 2 2 1 0 2 1 2 0 2 2 2 1 1 0 2 0 1 3 0 0 0 2 2 1 1 2 1 2 2 2 1 0 1 1 1 0 1 1 1 1 1 1 2 1 1 1 2 0 2 2 0 2 1 1 1 2 1 0 1 1 2 1 2 1 0 2 2 1 2 2 1 2 0 1 1 1 1 1 1 1 1 0 1 0 1 1 1 1 1 1 0 1 0 1 1 1 1 1 1 1 0 1 0 1 2 1 1 1 2 2 2 2 1 0 2 1 1 2 1 1 1 2 2 0 2 0 0 2 2 2 2 1 4 
0 1 1 1 1 1 1 0 1 1 0 1 1 1 1 1 1 0 1 1 1 0 1 1 1 1 0 1 1 1 2 2 1 2 1 2 1 1 2 0 0 2 0 2 3 2 1 0 2 1 1 1 2 0 1 2 1 1 0 1 1 1 1 0 0 1 0 1 0 1 2 1 1 1 2 2 0 1 2 1 1 2 0 1 2 2 1 1 2 2 0 2 2 0 0 2 2 2 2 2 1 1 1 0 1 1 1 1 1 1 1 1 1 1 0 1 0 1 1 1 0 1 1 1 1 1 1 0 1 1 1 1 1 1 1 0 2 0 2 1 2 1 2 2 0 2 1 0 1 1 1 2 0 0 1 0 2 2 2 4 
1 1 0 1 1 0 0 1 0 1 1 1 1 1 1 0 1 0 0 1 1 1 1 1 1 1 2 1 0 1 2 1 0 0 2 1 2 1 1 2 1 2 2 2 4 2 2 1 1 1 2 0 1 1 0 2 1 1 1 1 1 1 1 1 1 0 0 1 1 2 2 1 1 2 1 2 2 2 1 2 2 2 1 2 1 1 2 2 1 2 1 1 0 1 0 1 0 2 1 1 0 0 1 1 0 1 1 1 1 1 1 1 0 1 0 1 0 1 1 1 1 1 0 0 1 1 1 1 1 1 1 0 2 2 2 2 2 2 0 2 2 0 1 0 0 1 2 2 0 0 1 2 0 2 0 2 1 1 0 4 
1 1 1 1 0 1 1 1 1 0 1 0 1 1 1 1 1 1 0 1 1 1 1 1 1 0 0 2 1 2 2 2 0 1 2 2 1 0 0 0 2 1 1 2 3 2 2 0 1 2 1 1 0 2 1 1 0 1 1 1 1 1 1 1 1 1 1 1 1 2 2 0 0 2 1 2 0 2 1 1 2 2 0 2 1 0 2 1 0 0 2 2 2 2 0 1 1 0 1 2 1 1 0 1 1 1 1 1 1 1 1 0 1 1 1 1 1 1 1 1 1 1 1 1 1 1 1 1 1 1 1 2 2 1 2 2 2 2 1 2 1 2 2 2 1 1 2 1 2 1 0 2 0 0 1 2 0 1 2 4 
1 1 1 1 1 0 1 0 1 1 1 1 1 1 1 0 1 1 1 1 0 1 1 0 1 0 2 0 2 0 1 1 0 2 1 2 0 0 2 1 2 1 1 0 3 2 1 1 2 1 2 2 0 2 1 2 0 1 0 1 1 1 1 1 1 1 0 0 1 0 2 0 0 1 2 1 0 0 1 1 2 1 2 1 2 2 0 1 2 0 2 2 2 2 2 0 1 2 1 2 1 1 1 1 0 1 0 1 1 0 1 1 1 1 1 1 1 1 1 1 1 1 1 0 1 1 1 1 1 0 1 2 1 2 0 0 0 0 1 1 1 2 1 1 0 2 1 1 1 0 0 2 2 0 1 2 1 0 1 3 
0 1 1 1 1 1 1 1 1 0 0 1 1 1 1 1 0 1 1 1 1 1 1 1 1 1 1 1 1 1 1 1 1 1 1 1 0 1 1 1 1 1 0 1 3 1 1 0 1 1 1 1 0 1 1 0 1 1 0 0 0 1 0 1 1 1 1 1 1 1 2 1 1 1 2 1 1 2 2 0 2 1 1 0 1 2 2 1 1 0 1 1 2 1 2 2 0 2 1 2 1 1 1 1 1 1 1 1 1 1 1 1 1 1 1 1 1 1 1 1 1 1 0 1 0 1 1 1 1 1 1 1 0 1 1 1 1 1 1 1 1 1 0 1 1 0 0 1 1 0 0 1 1 1 1 1 1 1 0 3 
0 1 1 1 1 1 1 1 1 1 0 0 1 1 1 1 1 0 1 0 0 1 1 0 1 1 1 1 1 1 1 1 1 1 1 1 1 1 1 1 1 1 1 1 3 1 0 1 1 0 0 1 1 1 1 0 1 1 0 1 1 0 1 0 1 1 1 1 1 1 2 0 0 2 1 2 2 1 1 2 1 0 2 2 1 1 1 0 2 2 2 2 1 1 0 2 0 0 1 1 1 1 1 1 1 1 0 0 1 1 1 1 1 1 0 0 0 0 1 1 1 0 1 1 1 1 1 1 1 1 1 1 1 1 1 1 1 1 1 1 1 1 1 1 1 1 1 1 1 1 1 1 1 1 0 1 1 0 1 3 
1 1 1 1 1 1 1 1 1 1 1 1 0 1 1 0 1 1 1 1 1 1 1 1 1 1 0 1 1 1 0 1 1 0 1 1 0 1 1 1 1 1 1 1 3 1 0 1 1 1 1 1 1 0 1 1 1 1 1 1 1 1 1 1 1 1 1 1 0 1 1 1 1 0 2 2 1 2 0 2 1 2 1 2 0 1 0 1 2 2 1 2 2 1 2 1 2 2 1 1 1 0 1 1 1 1 0 1 1 1 1 1 0 0 1 1 1 1 1 0 1 1 1 0 1 0 1 1 1 1 1 1 1 1 1 1 0 1 1 1 1 1 1 1 1 1 0 1 1 1 1 1 0 1 1 1 1 1 1 3 
1 1 0 1 0 0 1 1 0 1 1 1 0 1 0 1 1 1 1 1 1 0 1 1 1 0 1 0 1 1 1 1 0 0 1 1 1 1 1 1 1 1 1 1 3 0 1 1 1 0 0 1 1 1 1 1 1 1 0 1 1 1 1 1 1 1 1 1 1 1 1 1 2 1 2 1 2 1 1 1 0 1 0 1 1 2 2 1 2 1 2 1 1 1 1 2 2 2 2 2 0 0 1 1 1 1 1 1 1 0 1 0 1 1 1 1 1 1 1 0 1 0 1 1 1 0 0 0 0 0 1 1 0 0 1 1 1 1 1 1 1 1 1 0 1 1 1 1 1 1 1 1 1 0 1 1 0 1 1 3 
1 1 1 1 0 1 1 1 0 1 1 1 0 1 1 1 0 1 1 1 1 0 1 1 0 1 0 1 0 1 1 0 1 1 1 1 1 1 1 1 1 1 0 0 3 1 0 1 1 0 1 1 0 1 1 1 1 1 0 1 0 1 1 1 1 1 1 1 0 0 2 1 2 2 2 2 0 2 2 2 1 2 0 2 1 1 2 1 1 2 1 2 2 2 2 1 1 0 2 2 0 0 1 0 1 0 1 0 1 1 1 1 1 0 0 0 1 1 1 0 0 0 1 1 1 1 0 1 1 1 0 1 1 1 1 1 0 1 1 1 0 1 1 1 0 1 1 1 1 1 1 0 1 1 1 0 0 1 1 3 
1 1 1 1 1 1 1 1 1 1 1 1 1 1 1 0 1 1 1 1 1 0 0 0 1 0 0 1 1 1 1 1 1 1 1 0 1 0 1 1 1 1 1 1 3 1 1 1 1 1 1 1 1 1 1 0 1 1 0 1 1 1 0 1 1 1 1 1 1 1 1 2 1 2 2 1 2 1 2 1 2 1 2 0 2 2 2 2 2 2 2 1 1 2 2 1 2 2 1 1 0 1 1 0 1 1 1 1 0 0 1 1 1 1 1 1 0 1 1 1 0 0 1 0 1 1 1 1 1 1 1 1 1 1 1 1 0 1 1 0 0 1 1 1 1 0 1 1 1 1 1 1 1 1 1 0 0 1 0 3 
0 1 1 0 0 1 0 1 1 1 1 1 1 0 1 1 1 1 0 1 1 1 1 1 1 1 1 1 1 0 1 1 1 1 1 1 1 0 1 0 1 1 1 1 3 0 0 1 1 0 1 1 0 1 0 1 1 1 1 1 0 0 1 1 1 0 1 1 1 2 2 2 1 2 2 0 2 1 1 1 2 1 2 2 2 1 0 0 1 2 1 1 0 2 1 1 2 2 2 1 1 1 1 0 0 1 1 1 1 1 1 1 0 0 1 1 1 1 1 0 1 1 1 1 1 1 1 1 0 1 1 1 1 0 0 1 1 0 1 1 1 1 1 1 1 1 1 1 1 1 1 1 0 1 0 1 1 1 1 3 
0 0 1 1 0 1 1 1 1 1 1 0 1 1 0 1 1 0 1 0 1 0 1 1 0 1 1 1 1 1 0 0 1 0 1 1 1 1 0 1 1 1 1 0 3 1 1 1 1 1 1 1 1 1 1 0 0 1 1 1 0 1 1 1 1 1 0 1 1 0 0 2 1 0 1 0 2 1 1 0 2 2 1 0 1 2 2 0 1 0 1 1 1 0 0 2 1 0 2 2 1 1 1 1 1 1 1 1 1 1 1 1 0 1 1 1 1 0 0 1 0 1 1 1 0 1 1 1 0 1 1 1 1 1 1 0 0 1 1 1 1 1 1 1 1 1 0 1 1 1 1 1 0 0 1 1 1 1 1 3 
0 1 1 1 1 1 1 1 1 1 1 1 1 1 1 1 0 1 1 0 1 1 1 1 1 1 1 1 1 1 1 1 1 1 1 1 0 0 1 1 0 1 0 1 3 1 1 1 1 1 1 1 1 1 1 1 0 0 1 1 1 1 1 1 1 1 1 0 1 1 2 0 0 2 2 0 2 2 1 2 1 2 2 2 2 1 2 0 1 0 1 2 2 2 1 2 2 1 2 2 1 1 1 1 1 0 1 0 1 1 0 1 1 0 1 1 0 1 1 1 1 0 0 0 1 1 0 0 0 1 0 1 1 1 1 1 1 1 1 1 1 1 1 1 1 1 0 1 0 1 1 1 1 0 0 1 1 1 1 3 
1 1 1 1 0 1 1 1 1 1 0 1 1 1 1 1 1 1 1 1 0 1 0 0 1 1 1 1 0 1 0 1 1 1 1 1 1 0 1 1 1 0 1 1 3 1 1 0 1 1 0 1 1 1 1 1 1 0 0 1 0 1 1 0 1 1 1 1 0 2 2 1 2 2 2 1 1 1 1 2 1 0 1 1 2 0 2 1 0 0 1 1 1 2 2 2 1 2 2 2 0 1 0 1 0 1 1 1 1 1 1 1 1 1 1 1 1 1 1 1 1 0 1 1 1 0 0 0 0 1 1 0 1 1 1 1 0 0 1 1 1 1 1 0 1 1 1 1 1 1 1 1 0 1 1 1 1 0 1 3 
1 1 0 1 1 0 1 1 1 0 1 1 1 0 1 0 1 1 1 1 1 1 1 0 0 1 1 1 1 1 0 1 1 0 1 1 1 0 1 0 0 0 0 1 3 0 1 1 1 1 1 1 1 1 1 1 0 0 1 1 1 1 1 0 1 1 1 1 1 0 1 1 1 1 0 1 1 1 1 0 1 0 1 0 1 1 1 1 1 1 1 1 1 1 1 1 1 0 1 0 0 1 1 1 1 1 1 1 1 0 0 1 1 1 0 1 0 1 1 1 1 1 1 1 0 1 1 1 1 1 1 1 1 1 1 1 0 1 1 1 1 1 1 1 1 1 0 0 1 1 1 1 1 0 0 1 1 1 0 3 
1 0 0 0 1 0 0 0 1 1 1 1 1 1 1 1 1 1 1 1 1 1 0 1 1 1 1 1 0 1 1 1 1 1 1 1 1 1 0 1 1 1 1 0 3 1 1 0 1 1 1 1 1 1 0 1 0 1 1 1 1 1 1 0 1 1 1 0 0 1 0 1 1 1 1 1 1 0 0 1 1 1 1 1 1 0 1 1 1 1 1 1 1 1 1 1 0 1 1 0 0 1 1 0 1 1 1 1 1 1 1 0 1 0 1 1 1 1 1 1 1 1 0 0 1 1 1 0 1 1 0 1 1 1 1 1 1 1 1 1 1 1 1 1 1 1 1 1 1 1 1 1 1 1 1 1 1 1 1 3 
1 1 1 1 1 1 0 1 0 1 1 1 1 0 1 1 1 1 1 0 1 1 1 0 1 1 1 1 0 1 1 1 1 1 1 1 0 1 1 1 1 0 1 0 3 1 1 1 0 1 1 1 1 1 1 1 1 0 0 1 1 0 0 1 1 1 0 1 1 1 1 1 1 1 1 1 1 1 1 1 1 1 1 1 0 1 0 1 1 1 1 1 1 0 1 1 1 1 1 1 1 1 1 1 1 0 1 1 1 1 1 1 0 0 1 1 1 0 1 1 0 1 1 1 1 0 0 1 1 0 1 1 0 1 1 1 0 1 1 1 1 0 1 0 1 1 1 1 1 1 0 1 1 1 1 1 1 1 0 3 
1 1 1 1 1 1 0 0 1 1 1 1 1 0 0 0 0 1 1 1 1 0 0 1 0 1 1 1 1 0 0 0 0 1 1 1 0 1 1 1 1 1 0 1 3 0 1 1 1 1 0 1 1 1 0 0 1 1 1 1 1 1 1 1 1 0 1 1 1 1 0 1 0 0 1 1 0 0 1 1 1 0 0 1 0 0 0 1 1 0 1 1 1 1 1 1 1 1 1 0 1 0 1 0 1 1 1 1 0 1 1 1 1 1 1 0 1 1 1 0 0 1 0 1 1 0 1 1 0 1 1 1 1 1 1 1 1 1 0 0 0 1 0 1 1 1 0 1 1 1 1 1 0 0 1 1 0 1 1 3 
1 1 1 1 0 0 1 1 1 1 1 1 1 1 1 1 1 1 0 1 1 1 1 0 1 0 1 1 1 1 1 0 0 1 1 1 1 1 0 0 0 1 0 0 3 1 1 1 1 1 0 1 1 1 0 0 1 1 1 1 1 1 0 1 1 1 1 1 1 1 1 0 1 1 0 1 1 1 1 1 1 1 1 1 1 0 1 1 1 0 1 1 1 1 1 1 0 1 1 1 1 1 1 1 1 1 0 0 0 1 1 1 1 1 1 1 0 1 1 1 1 1 1 1 1 1 1 1 1 1 0 1 1 1 1 1 1 1 1 1 1 0 1 1 1 1 1 0 1 0 1 1 0 1 1 1 0 1 1 3 
1 1 1 0 0 1 1 1 1 1 1 1 0 1 1 0 1 1 1 1 1 0 1 1 1 1 0 0 1 1 1 1 1 1 0 1 1 1 1 1 1 1 1 0 3 3 3 3 3 3 3 3 3 3 3 3 3 3 3 3 3 3 3 3 3 3 3 3 3 3 3 3 3 3 3 3 3 3 3 3 3 3 3 3 3 3 3 3 3 3 3 3 3 3 3 3 3 3 3 3 3 3 3 3 3 3 3 3 3 3 3 3 3 3 3 3 3 3 3 3 3 3 3 3 3 1 1 1 1 0 1 1 1 1 0 1 0 1 0 1 1 1 0 1 1 1 1 0 1 1 1 1 0 1 1 0 1 1 1 3 
0 1 1 1 1 1 1 1 1 1 1 1 1 1 1 1 1 1 1 0 0 0 0 0 1 1 1 1 1 1 1 0 1 0 1 1 0 1 1 1 0 0 1 1 1 1 1 1 0 1 1 1 0 1 1 1 1 1 1 1 1 0 0 1 1 1 1 0 1 1 0 1 1 1 1 1 1 1 0 0 1 0 1 1 1 1 0 1 1 1 1 0 1 1 1 0 1 1 1 1 1 1 1 0 1 1 1 1 0 1 1 1 1 1 1 0 1 1 0 2 1 0 2 2 4 1 1 1 1 2 2 1 1 0 1 2 1 1 1 2 0 1 1 2 2 2 0 2 0 1 0 0 1 1 1 0 1 1 0 3 
1 1 1 1 1 1 1 1 0 0 0 1 1 1 1 1 1 1 1 1 1 1 1 1 1 1 1 1 0 1 1 1 1 1 1 1 0 1 1 1 1 1 1 1 1 0 1 1 1 0 0 1 0 1 0 0 1 1 1 1 0 1 1 1 1 1 1 1 1 0 0 0 1 1 1 1 0 1 1 1 1 0 1 1 1 0 1 1 0 0 1 1 0 1 1 1 0 1 1 1 1 1 1 1 1 0 1 1 1 0 0 1 0 1 1 1 1 0 1 2 1 1 2 1 4 2 1 2 1 0 1 2 0 2 1 1 1 1 2 1 1 2 1 1 2 2 0 0 0 2 0 1 0 1 1 1 0 1 0 3 
1 1 1 1 1 1 1 0 1 1 1 1 1 1 1 1 1 0 1 1 1 1 1 1 1 1 1 1 1 1 1 0 1 1 0 1 0 0 0 0 1 1 1 1 0 0 1 1 0 1 1 1 1 1 1 1 1 1 1 1 1 1 1 1 1 1 1 1 1 1 1 1 1 1 1 1 1 1 0 1 1 1 1 1 1 1 1 1 1 1 1 1 0 0 1 1 1 1 1 1 1 1 1 1 1 1 0 1 1 1 1 1 1 1 1 1 1 1 1 1 0 1 2 1 4 2 0 1 0 2 2 1 2 2 2 2 1 0 2 1 0 2 1 2 1 1 2 1 0 1 1 0 1 1 1 1 1 1 0 3 
1 0 1 1 1 0 1 0 1 1 0 1 0 0 1 1 1 1 1 1 1 1 1 1 1 1 1 1 1 1 1 1 1 1 1 1 1 1 1 1 0 1 1 1 1 0 1 0 1 1 1 1 1 1 0 1 0 1 0 1 1 1 1 0 1 1 1 0 1 1 1 1 1 0 0 1 1 1 1 0 1 0 1 1 0 1 1 1 1 1 1 1 1 0 1 0 1 1 1 1 1 1 1 1 1 1 1 1 1 1 1 1 1 1 0 1 1 1 1 2 1 1 1 2 4 2 2 0 2 1 2 1 1 1 0 1 0 0 2 1 1 2 1 1 1 1 0 2 1 2 1 1 1 1 1 1 1 0 1 3 
1 1 1 1 1 0 1 1 1 1 0 1 1 1 0 1 1 0 1 1 0 1 1 1 0 1 1 1 1 1 0 1 1 1 0 1 0 0 1 1 1 1 0 0 0 1 0 1 1 1 1 1 1 0 1 1 1 1 1 1 1 1 1 1 1 1 1 1 1 1 1 1 1 1 1 1 1 1 1 1 1 1 1 1 0 1 1 1 0 1 1 0 1 0 2 1 0 1 2 2 2 2 1 0 2 1 2 1 1 1 1 0 1 1 0 1 1 0 1 2 2 2 2 0 4 2 0 2 1 0 2 2 1 1 0 2 2 0 1 2 0 0 2 2 1 2 1 2 0 2 1 1 1 1 1 1 1 1 0 3 
1 1 0 1 1 0 1 1 0 0 1 0 1 1 1 1 1 1 1 1 1 1 0 0 1 1 0 1 1 0 1 1 0 1 1 1 1 0 1 1 1 1 1 1 1 1 1 1 1 1 0 1 0 1 1 1 1 1 1 0 0 0 1 1 0 1 1 1 1 1 1 1 1 1 1 1 1 0 0 0 0 1 1 1 1 1 0 1 1 1 1 1 1 1 2 1 0 2 1 2 1 1 2 1 2 2 0 2 2 2 1 2 1 0 2 1 1 1 1 2 1 2 0 2 4 1 1 0 2 1 0 2 2 1 1 1 2 2 1 1 1 0 1 1 1 0 2 2 1 1 0 1 0 1 1 1 1 0 1 3 
1 1 1 0 0 1 1 0 1 1 1 0 1 0 1 1 1 0 0 1 0 1 1 0 1 0 0 1 0 1 0 1 1 1 1 0 1 0 1 1 0 1 1 0 1 1 1 1 1 1 1 1 1 0 0 1 1 1 1 0 1 1 1 1 1 1 1 1 0 1 1 1 1 1 1 1 1 1 1 1 1 0 1 0 1 1 1 1 0 1 0 1 0 1 1 0 2 0 1 1 2 0 2 2 1 2 2 1 0 1 2 0 1 2 2 0 1 1 2 2 2 1 2 2 4 2 1 2 1 0 2 2 1 0 2 1 2 0 2 2 0 2 1 0 0 1 1 0 2 1 1 1 1 1 1 1 1 1 1 3 
1 1 1 0 1 1 1 1 1 1 1 1 1 1 0 1 1 1 1 1 1 1 1 1 1 1 0 1 1 1 1 1 1 1 1 1 1 1 1 1 1 1 1 1 0 1 1 0 1 1 1 1 1 1 0 0 1 1 1 1 1 1 1 0 1 0 1 1 1 1 1 1 0 1 0 0 1 1 1 1 1 1 1 1 1 0 1 1 1 1 1 1 0 1 0 0 2 2 2 1 2 2 0 1 0 1 2 1 1 2 0 0 1 2 2 1 2 1 1 2 1 2 0 0 4 1 1 1 1 1 1 2 1 2 2 2 0 2 1 1 2 1 2 2 1 2 2 1 2 1 0 1 1 1 1 1 1 0 0 3 
1 1 1 1 1 0 1 0 1 1 1 1 1 1 0 1 1 1 1 0 0 1 1 1 1 1 1 1 1 1 0 1 1 1 1 1 1 0 1 1 1 1 1 1 1 1 0 1 0 1 1 1 1 0 1 0 1 1 1 1 1 1 1 1 0 1 1 1 1 1 1 1 1 1 1 0 1 1 0 1 1 1 1 0 1 1 0 1 1 1 1 0 1 1 1 1 2 1 2 0 2 0 0 2 2 2 2 0 1 1 2 0 2 2 1 2 2 0 2 0 2 2 2 2 4 0 1 0 0 1 2 1 1 1 0 2 1 0 1 1 0 1 2 1 2 1 1 2 1 1 1 1 0 1 1 1 0 1 0 3 
1 1 1 1 1 1 0 1 1 1 0 0 1 1 1 1 0 0 1 0 1 1 1 1 1 1 0 0 0 1 0 1 1 1 0 1 1 1 0 1 1 0 1 1 0 1 1 1 1 1 1 1 0 1 1 1 0 1 1 1 1 1 1 1 1 0 1 1 1 1 1 1 1 1 1 1 1 1 1 1 0 1 1 1 1 1 1 0 1 1 1 1 1 1 1 1 2 1 2 1 2 2 1 2 2 0 2 0 2 0 0 2 2 2 2 2 0 2 2 2 1 1 1 2 4 2 1 2 0 2 0 2 2 1 2 0 1 0 2 2 1 2 2 0 2 1 0 2 1 2 1 1 1 1 1 1 1 1 1 3 
1 1 1 1 1 1 1 1 0 1 1 1 1 1 1 1 1 1 1 0 1 1 1 1 1 0 1 1 1 0 1 1 0 0 1 0 1 0 1 0 1 0 1 1 1 1 1 1 1 1 1 1 1 0 1 1 1 1 1 1 1 1 1 1 0 1 1 0 1 1 1 1 1 1 1 1 1 1 1 1 1 1 0 1 1 1 1 1 1 1 1 1 1 1 1 0 2 1 2 1 0 2 2 2 0 1 1 2 2 2 1 2 2 1 2 0 2 1 1 2 2 2 2 1 3 1 1 0 0 2 2 1 1 1 1 0 0 1 1 2 2 2 2 0 2 0 0 1 2 2 1 1 1 1 1 1 1 1 1 3 
1 1 1 1 1 1 0 1 1 1 1 0 1 1 1 1 1 1 1 0 0 0 1 1 1 1 1 1 1 1 1 1 0 1 1 1 1 1 1 1 1 1 1 1 0 1 1 1 1 0 1 1 1 1 1 1 1 1 1 1 0 1 1 0 0 1 1 1 1 1 1 1 1 1 1 0 0 1 1 1 1 1 1 1 0 0 1 1 1 1 1 1 1 1 1 1 1 2 1 1 2 0 0 2 1 2 1 2 1 2 1 0 2 1 2 2 0 2 1 2 2 0 2 2 3 2 0 0 2 2 2 2 2 2 2 1 0 1 1 2 1 0 2 0 0 2 2 1 1 1 1 1 1 1 1 1 1 1 1 3 
1 0 1 0 1 1 0 1 1 1 1 1 1 0 1 1 0 1 0 1 1 1 1 1 1 1 1 0 1 1 1 1 1 0 1 1 1 1 1 1 1 1 1 1 0 1 1 0 0 0 1 1 1 1 1 1 0 1 1 1 1 1 1 1 1 1 1 1 1 1 1 1 1 1 1 0 0 1 1 1 1 1 0 1 1 1 1 1 0 1 1 1 1 1 2 2 1 1 1 1 2 2 2 2 2 1 2 1 1 1 1 1 2 2 2 0 2 2 2 1 2 2 2 0 3 2 2 1 1 0 2 0 0 1 0 2 0 0 0 1 2 0 0 2 1 2 2 2 2 2 1 1 1 1 1 1 1 1 0 3 
0 0 1 0 1 1 1 1 1 1 1 0 1 1 1 1 1 1 1 1 1 1 0 0 1 1 0 1 1 1 1 1 1 1 0 0 0 1 0 1 1 1 1 1 1 1 1 0 0 1 0 1 1 1 1 1 0 1 0 1 1 1 1 1 0 0 1 1 1 1 1 1 1 0 1 1 1 1 1 1 1 1 1 1 1 1 1 1 1 0 1 0 1 1 2 0 2 2 1 1 1 2 2 2 2 2 2 0 2 2 2 0 1 2 2 1 1 0 2 1 2 0 2 2 3 2 1 0 0 1 1 0 1 2 2 1 0 1 1 0 1 2 1 2 1 0 2 2 2 1 1 1 0 1 1 1 1 1 0 3 
1 1 1 1 0 0 1 1 1 1 1 1 1 1 1 1 1 1 1 1 1 0 0 1 1 1 1 1 1 1 1 1 1 0 0 1 1 1 1 1 1 1 1 1 1 1 1 1 1 1 0 1 1 1 0 1 1 1 1 0 0 0 0 0 0 1 1 0 1 1 1 1 1 1 1 0 0 1 1 1 0 1 1 1 1 1 1 1 0 1 0 1 1 1 2 1 2 1 1 2 2 0 2 2 2 2 2 2 1 1 1 2 0 2 0 2 2 0 2 0 1 0 2 2 3 2 2 2 0 0 2 0 1 0 0 1 2 1 1 2 1 1 2 0 0 2 2 1 0 2 1 1 1 1 0 1 0 0 0 3 
0 1 0 1 1 0 1 1 0 0 1 1 0 1 0 0 0 0 1 1 1 0 1 1 0 1 1 1 1 1 0 1 1 1 1 1 1 1 1 1 0 1 1 1 1 1 1 0 1 1 1 1 1 1 0 1 0 1 0 1 1 1 1 1 1 1 1 1 0 1 1 0 1 1 1 1 1 1 1 1 1 1 1 1 1 1 0 1 1 1 1 1 1 1 2 0 1 2 1 2 1 2 0 1 2 2 1 2 2 2 2 0 0 1 2 2 2 2 2 0 0 1 2 2 4 1 1 0 1 2 2 2 2 2 2 0 2 2 2 2 1 2 1 1 0 0 2 0 1 2 1 1 1 1 1 1 1 1 1 3 
1 0 1 0 1 1 1 1 1 1 1 1 1 1 1 0 1 1 1 1 1 0 1 1 1 1 0 0 1 1 1 1 1 1 1 0 0 0 1 1 1 1 1 0 0 1 1 0 1 1 1 1 1 1 1 1 0 1 1 1 1 1 1 0 0 1 0 1 1 1 1 1 1 1 1 0 1 1 1 1 1 1 1 1 1 1 1 1 1 1 0 1 1 1 2 2 1 1 2 1 0 2 2 1 0 0 0 2 2 0 2 2 2 2 2 2 1 2 0 2 0 2 1 2 4 0 2 2 2 1 2 2 2 0 1 2 2 2 2 1 1 1 0 2 0 1 1 1 1 2 1 1 1 1 1 1 1 1 1 3 
1 0 1 1 1 0 1 1 1 1 1 1 1 1 1 0 1 1 1 1 1 1 0 0 1 1 1 0 1 1 1 1 0 1 1 1 1 1 1 1 1 1 1 1 1 1 1 1 1 1 0 1 1 0 1 1 1 1 1 1 0 1 1 0 1 1 1 1 1 1 0 1 1 1 0 1 1 1 0 0 1 1 0 1 1 1 0 1 1 0 1 1 1 1 0 1 2 1 0 0 2 2 2 0 1 1 2 2 2 2 0 2 2 2 2 2 2 2 2 2 2 2 1 2 4 2 2 0 2 2 2 0 0 1 2 2 1 0 1 0 0 2 2 2 2 2 1 0 0 2 1 1 0 1 1 1 0 0 1 3 
1 1 1 1 1 1 0 1 0 1 1 1 0 0 1 1 1 0 1 0 0 1 1 1 0 1 1 0 1 1 1 1 0 1 1 1 1 1 0 0 1 1 0 1 0 1 0 0 0 1 1 1 1 1 0 1 0 1 1 1 1 1 1 0 1 1 1 1 0 1 1 1 1 1 1 1 0 1 1 1 1 0 1 1 1 1 1 0 1 1 1 0 1 1 2 2 0 1 2 1 2 2 1 2 2 2 2 1 0 2 2 1 2 0 0 2 2 2 2 2 0 2 2 0 4 2 2 2 2 0 2 2 2 0 1 2 1 2 2 1 2 1 2 1 1 2 0 2 2 2 0 1 1 1 0 1 1 1 1 3 
1 1 1 1 1 1 0 1 0 1 1 0 1 1 0 1 0 1 0 1 1 1 1 1 1 1 0 1 1 1 1 1 1 1 0 0 1 1 1 1 1 0 1 1 1 1 1 1 1 1 1 1 1 1 1 1 1 1 1 1 1 1 1 1 0 0 1 1 1 1 0 1 1 1 0 1 1 1 0 1 1 1 0 0 0 1 1 1 0 1 1 1 0 1 0 1 1 0 1 1 0 2 0 2 2 2 0 1 1 0 2 2 1 2 2 1 1 0 2 2 2 0 2 2 4 2 2 0 1 2 2 1 2 2 2 1 2 2 2 2 0 2 1 1 1 1 1 2 2 0 1 1 0 1 1 1 0 1 1 3 
0 0 1 1 1 0 1 1 1 1 0 1 1 0 1 1 1 1 1 1 1 1 1 1 1 0 1 0 0 0 1 1 1 1 0 1 1 1 0 1 1 1 0 0 1 1 1 1 1 0 1 1 1 1 0 1 1 1 1 1 1 0 1 1 0 1 1 1 1 1 1 1 1 0 1 1 1 0 1 1 1 1 1 1 1 1 1 1 1 1 1 1 1 1 0 1 2 1 2 1 1 2 2 1 2 2 2 2 2 2 1 2 0 2 2 2 2 2 0 2 2 0 1 2 4 2 1 2 2 2 0 0 0 1 1 2 0 1 1 0 2 1 1 2 2 1 2 1 1 2 0 1 1 1 1 1 1 1 1 3 
1 1 0 1 1 1 1 1 1 1 1 1 1 1 1 1 1 1 1 1 0 1 1 1 1 1 1 1 1 0 1 0 1 1 1 1 1 0 1 1 0 1 1 0 1 0 1 1 1 0 0 1 1 0 1 1 1 1 1 1 1 1 1 1 1 1 1 1 1 1 1 1 1 1 1 0 1 0 0 1 1 1 1 1 1 1 0 1 1 0 1 1 1 0 0 2 1 2 2 2 1 2 2 2 0 2 0 2 2 2 2 1 1 1 2 2 1 2 0 2 0 0 2 2 4 2 0 1 2 0 0 2 1 1 2 1 2 1 0 1 0 1 2 0 1 2 0 0 0 0 1 1 1 0 1 1 1 1 1 3 
1 1 1 1 1 1 1 1 1 0 1 1 1 0 1 1 1 1 0 1 1 1 1 1 1 0 1 1 1 0 1 1 1 1 1 0 1 1 1 1 1 1 1 1 1 1 1 1 1 1 1 1 1 1 1 1 1 1 1 1 1 1 1 1 0 1 1 0 1 1 1 1 1 1 1 0 1 0 0 1 1 1 1 1 1 1 0 0 1 1 1 1 1 1 2 2 2 1 2 1 2 2 0 1 2 2 1 1 2 1 1 2 2 2 1 2 2 2 2 2 2 2 2 2 4 1 0 1 2 1 2 0 1 1 0 0 0 1 1 1 2 1 2 2 0 0 0 0 0 2 1 1 1 0 1 1 1 1 1 3 
1 1 1 1 1 0 0 1 1 1 1 1 1 1 1 1 1 0 0 1 1 1 0 1 1 0 0 1 1 1 1 1 0 1 0 0 1 1 1 1 1 1 0 1 1 0 1 1 0 1 1 1 1 1 1 1 0 1 1 1 0 1 1 1 1 1 1 1 1 1 1 1 1 1 1 1 0 1 0 1 1 1 0 0 1 1 1 0 0 1 1 1 1 1 1 1 1 2 1 2 1 2 2 1 2 0 0 2 1 2 1 2 0 2 2 2 2 2 2 1 2 2 0 2 4 2 2 2 2 2 2 2 0 1 2 2 0 1 2 2 1 2 2 2 1 0 2 2 2 1 0 1 1 0 1 1 0 1 0 3 
0 1 0 1 1 1 1 1 1 0 1 1 1 1 1 1 1 0 1 0 1 1 1 1 1 0 1 1 1 1 1 1 1 0 1 1 1 1 1 1 1 1 1 0 1 1 1 1 1 1 1 1 1 1 1 1 1 1 1 1 1 1 1 0 1 0 1 1 1 1 1 0 1 0 1 1 1 1 1 1 0 1 1 1 1 1 1 1 1 0 1 1 0 1 2 2 2 0 0 1 0 2 2 2 2 1 1 2 2 2 2 2 1 0 2 2 2 2 2 2 2 2 0 2 4 0 1 0 1 0 2 1 0 0 2 2 0 2 1 0 2 1 2 2 0 0 2 2 1 1 1 1 1 0 1 0 1 1 1 3 
1 0 0 1 1 1 1 1 1 1 1 1 0 1 0 1 1 1 1 1 0 1 1 1 1 1 1 0 1 1 1 1 1 0 0 1 1 1 1 0 1 1 1 1 1 1 1 1 1 1 1 1 1 1 1 1 0 0 1 0 1 1 1 0 1 0 1 1 1 1 1 1 0 1 1 1 1 1 1 0 1 1 1 1 1 1 1 1 1 0 1 1 0 1 1 1 2 0 0 2 2 2 2 2 0 2 0 2 1 2 0 0 2 1 0 0 2 2 0 1 2 0 2 2 4 2 2 0 2 2 2 1 2 2 0 1 0 1 1 2 2 0 2 1 1 1 2 1 2 0 0 1 0 1 0 1 1 1 1 3 
1 1 0 0 1 1 1 0 0 0 0 0 1 0 0 1 1 0 1 1 1 1 1 1 1 1 0 1 1 1 1 0 1 1 1 0 1 1 1 1 1 1 1 1 1 1 1 1 1 1 1 1 1 0 1 0 1 0 1 1 1 1 1 1 1 1 1 1 0 1 1 1 1 0 1 1 1 0 1 1 1 1 1 0 1 0 1 1 0 1 1 1 1 1 0 0 1 2 0 1 2 2 0 2 2 0 2 0 2 0 2 2 2 2 2 2 2 2 2 2 2 2 2 2 4 0 2 0 2 2 2 1 2 2 0 0 1 2 0 2 0 0 2 1 1 2 2 1 2 1 1 1 1 1 1 1 1 1 1 3 
1 1 0 0 1 1 1 1 1 1 1 1 0 1 0 1 0 1 0 1 1 0 1 0 1 1 1 1 1 1 1 1 1 1 1 1 1 0 1 1 0 1 1 1 1 0 1 1 1 1 1 1 1 1 1 1 1 1 0 1 1 0 1 1 0 1 0 1 1 1 1 1 1 1 1 0 0 1 0 0 1 0 1 0 0 1 1 1 1 1 1 1 1 1 1 2 0 1 1 1 0 2 2 2 1 0 0 1 2 0 2 0 2 2 0 2 1 2 2 0 2 2 1 2 4 1 0 0 2 2 0 2 1 0 0 2 2 0 0 0 2 2 1 2 2 0 2 1 2 1 0 1 1 1 0 0 1 1 0 3 
1 1 0 1 0 1 0 1 1 1 1 0 1 0 1 1 1 1 1 1 0 1 1 1 1 1 1 1 0 1 1 0 1 1 1 1 0 1 1 1 1 1 0 1 1 1 1 1 1 0 1 1 1 1 0 1 0 1 1 1 1 1 1 1 1 1 1 1 1 0 1 1 1 1 1 1 1 1 1 0 1 1 0 1 0 1 0 1 1 1 1 1 1 1 2 2 2 2 1 2 0 0 1 2 0 0 1 2 2 0 1 2 0 0 2 2 2 2 1 2 0 0 1 0 4 1 1 2 2 2 2 2 2 2 1 2 2 1 0 0 1 0 1 0 0 2 2 0 2 1 1 1 1 1 1 1 0 1 0 3 
1 1 1 1 1 1 1 1 1 1 1 1 0 1 1 1 1 0 1 1 1 1 0 1 1 1 1 1 1 1 1 1 1 1 1 0 1 1 1 1 1 1 0 1 1 1 1 1 0 1 1 1 1 1 1 0 1 0 1 1 1 1 1 1 1 1 1 1 1 1 0 1 1 1 1 1 1 1 1 0 1 1 1 1 0 1 1 0 0 1 1 0 0 1 1 1 0 1 1 1 2 2 2 2 2 2 0 1 2 1 1 0 2 2 1 1 1 0 2 1 2 0 2 2 4 0 2 1 1 0 2 0 2 2 1 1 2 2 1 1 2 0 1 2 2 1 2 0 2 1 1 0 1 1 1 1 1 0 1 3 
1 0 1 1 1 1 1 1 1 1 1 1 1 1 1 1 1 1 1 1 1 1 1 1 1 1 0 1 1 1 1 0 1 1 1 1 1 1 1 0 0 1 1 0 1 1 1 1 1 1 0 1 1 0 1 1 1 1 1 1 1 0 0 1 1 0 1 1 1 0 1 1 1 1 1 1 1 1 1 1 1 0 1 1 1 1 1 1 1 1 1 0 1 1 1 0 1 0 1 2 2 2 2 0 1 2 2 0 1 1 2 0 2 2 2 1 1 2 2 2 2 2 2 0 4 0 2 1 0 2 1 1 2 2 2 1 0 1 2 2 1 2 2 0 1 1 2 1 2 1 1 1 1 1 1 1 1 1 1 3 
1 1 0 1 0 0 1 1 1 0 1 1 1 1 1 0 0 1 1 1 1 1 1 1 1 1 1 1 1 1 1 1 1 0 1 1 0 1 0 1 1 1 1 1 0 1 1 1 0 1 1 1 1 1 1 1 1 1 1 1 1 1 0 1 0 1 1 1 0 1 1 0 1 1 1 1 1 0 1 1 1 1 0 1 0 1 1 1 1 1 1 1 1 0 1 2 0 1 2 2 2 0 0 0 2 2 0 2 0 2 0 0 2 2 2 1 1 2 2 2 2 2 0 2 3 0 0 1 1 2 2 1 1 1 1 1 0 1 0 0 1 1 0 1 1 1 1 0 1 1 1 0 1 1 0 1 1 1 1 3 
1 1 0 1 0 1 1 1 1 1 1 1 1 1 1 1 1 1 1 1 1 1 1 1 1 1 1 1 1 1 0 1 1 1 1 0 1 1 0 1 1 1 1 1 1 1 1 1 1 1 1 0 0 1 1 1 0 1 0 1 0 1 1 1 1 1 1 1 1 1 1 1 1 1 1 1 1 1 1 0 1 1 1 1 1 1 1 1 1 0 1 1 1 1 2 1 0 0 1 2 2 2 2 0 0 2 2 2 0 2 2 1 2 2 2 2 1 1 2 2 1 2 2 2 4 1 1 2 2 1 1 1 0 1 0 1 1 1 1 1 1 0 0 1 1 1 1 0 1 1 1 1 1 1 1 1 1 1 1 3 
0 1 1 1 1 1 1 1 1 1 0 1 1 0 1 1 0 1 0 1 0 1 0 1 1 0 0 1 1 1 1 1 1 1 0 1 0 1 1 1 0 1 1 1 1 1 1 1 1 1 1 0 1 1 1 1 0 1 1 0 1 1 1 1 0 0 1 1 1 1 1 0 1 1 1 0 1 1 1 1 1 0 1 1 1 0 1 0 1 0 0 0 1 1 1 2 2 1 1 1 2 2 1 2 1 0 2 2 2 1 2 2 2 1 0 2 1 2 1 2 2 0 1 2 4 2 2 2 2 2 2 1 1 1 1 1 0 1 0 1 0 1 1 1 1 1 0 1 1 1 1 1 1 1 1 1 1 0 1 3 
1 1 1 1 1 0 1 1 1 0 1 0 0 1 1 1 0 1 1 1 1 1 1 1 1 1 1 1 1 1 1 0 0 1 0 0 1 1 1 1 0 0 0 1 1 0 1 1 0 0 1 0 1 0 0 1 1 1 1 0 1 1 1 1 1 0 1 1 1 1 1 1 0 1 1 1 1 1 1 1 1 0 1 1 1 0 0 1 1 1 1 0 0 1 1 0 2 2 0 1 0 1 0 1 2 2 2 2 1 1 2 2 2 2 1 2 2 2 2 2 1 2 2 2 4 2 1 2 1 0 1 1 1 0 1 1 1 1 1 1 1 0 1 1 1 1 0 1 1 1 1 1 1 1 1 1 1 1 0 3 
1 1 1 1 1 1 1 1 1 1 1 1 1 1 1 1 1 1 1 0 0 1 1 1 1 1 1 1 0 1 1 1 1 1 1 1 1 1 1 1 1 1 0 1 1 0 1 1 1 1 1 1 1 1 0 1 1 1 1 0 1 0 1 1 1 1 1 1 1 1 1 0 1 0 1 0 1 1 0 1 1 1 1 1 1 1 1 1 1 1 1 1 1 1 1 0 1 1 1 1 1 2 1 2 2 1 2 1 1 1 2 1 2 1 2 2 2 1 1 2 2 1 2 2 3 2 1 0 2 2 1 1 1 1 1 1 1 1 1 1 1 1 1 1 1 0 0 1 1 1 1 0 1 1 1 1 1 1 1 3 
1 1 0 1 1 1 1 1 1 1 1 0 0 0 0 1 0 1 1 1 1 1 1 1 1 1 0 1 1 0 1 1 1 1 1 1 1 1 1 0 1 0 1 1 1 1 1 0 1 1 1 1 1 1 1 0 1 1 1 0 0 1 1 0 1 1 1 1 0 1 1 1 1 1 1 1 1 0 1 1 1 1 1 1 1 1 1 1 0 1 1 1 1 1 1 0 1 0 0 1 2 1 0 1 1 0 0 2 2 2 1 1 0 1 0 2 2 1 1 0 2 0 1 2 4 2 1 0 2 2 1 1 1 1 1 0 1 1 0 1 1 0 1 1 1 0 1 1 1 1 1 1 1 1 0 1 1 0 0 3 
1 1 1 1 1 0 0 1 0 1 1 1 1 1 0 1 1 1 0 1 1 1 0 1 1 0 1 1 0 1 1 1 1 1 1 0 1 0 1 1 1 1 1 1 1 1 0 1 1 1 1 0 1 1 1 1 1 1 1 1 0 1 1 1 1 1 0 0 0 1 1 1 1 1 1 0 1 1 0 0 1 1 0 1 1 1 1 1 1 1 1 1 1 1 1 0 0 1 1 1 2 2 2 1 2 2 1 1 2 2 0 0 1 0 2 1 2 1 1 1 1 1 1 1 3 2 2 2 1 1 2 1 1 0 1 1 1 1 1 1 1 1 0 1 1 1 1 0 1 0 1 1 1 1 0 1 0 1 1 3 
3 3 3 3 3 3 3 3 3 3 3 3 3 3 3 3 3 3 3 3 3 3 3 3 3 3 3 3 3 3 3 3 3 3 3 3 3 3 3 3 3 3 3 3 3 3 3 3 3 3 3 3 3 3 3 3 3 3 3 3 3 3 3 3 3 3 3 3 3 3 3 3 3 3 3 3 3 3 3 3 3 3 3 3 3 3 3 3 3 3 3 3 3 3 3 3 3 3 3 3 4 4 4 3 4 3 3 4 4 3 2 1 0 1 1 1 1 0 2 1 2 1 2 0 4 1 2 1 0 1 2 1 1 1 0 0 0 0 0 1 0 1 1 1 1 0 0 1 1 1 1 1 1 0 0 1 1 1 1 3 
0 1 1 1 1 1 1 1 1 1 1 1 1 1 1 1 1 1 1 1 1 1 1 1 0 0 1 0 1 1 1 1 1 1 0 0 1 0 1 1 1 1 1 1 1 0 1 0 1 1 1 1 1 1 1 0 1 1 1 0 1 1 1 0 1 1 1 1 1 1 1 0 1 1 1 0 1 1 1 1 1 1 1 1 1 1 1 1 1 0 1 1 1 1 1 1 1 2 1 2 1 1 2 1 0 2 1 2 1 3 1 2 2 0 2 2 1 1 1 2 2 1 1 0 4 2 1 2 1 1 0 1 0 1 1 1 0 1 1 1 1 0 1 1 0 1 1 1 1 1 0 0 1 0 1 1 1 1 0 3 
1 0 1 1 1 1 1 1 0 1 1 1 1 1 1 1 1 1 1 0 0 0 1 1 1 1 0 1 1 1 1 1 1 1 1 1 1 1 1 1 1 1 1 1 1 1 1 1 1 1 1 1 0 1 1 1 1 1 1 1 1 1 1 1 1 0 1 0 1 0 1 1 1 1 1 1 1 1 1 0 1 0 1 1 1 1 1 1 1 1 1 1 1 0 1 0 1 2 0 0 1 2 2 0 1 2 0 2 1 4 2 0 2 0 2 2 2 1 2 0 0 0 0 2 4 1 1 0 1 1 1 0 1 0 1 1 1 0 1 1 1 0 1 1 1 1 1 1 1 1 1 0 0 1 1 1 1 1 1 3 
1 1 0 1 1 1 1 1 1 1 1 1 1 1 1 0 1 1 1 1 1 1 1 1 1 0 1 1 1 1 1 0 1 1 1 1 1 1 1 1 1 1 1 0 1 1 1 1 1 0 1 0 1 1 1 0 1 1 1 1 1 1 1 1 0 0 0 1 0 1 1 1 1 1 1 1 0 1 0 1 1 1 1 1 1 1 0 1 1 1 0 1 1 1 1 1 1 2 2 2 0 2 2 0 1 1 1 2 1 4 1 0 1 1 2 0 0 2 2 0 0 2 0 2 4 2 2 2 0 1 1 1 1 1 1 1 1 1 1 0 1 1 1 1 0 1 1 1 1 1 1 1 0 1 1 1 0 1 1 3 
3 3 3 3 3 3 3 3 3 3 3 3 3 3 3 3 3 3 3 3 3 3 3 3 3 3 3 3 3 3 3 3 3 3 3 3 3 3 3 3 3 3 3 3 3 3 3 3 3 3 3 3 3 3 3 3 3 3 3 3 3 3 3 3 3 3 3 3 3 3 3 3 3 3 3 3 3 3 3 3 3 3 3 3 3 3 3 3 3 3 3 3 3 3 3 3 3 3 3 3 3 0 0 2 2 1 1 2 2 3 2 1 2 2 0 1 1 1 2 1 1 2 0 2 3 2 0 1 1 1 0 1 0 1 1 1 0 1 1 1 1 1 0 1 1 1 1 1 0 1 1 0 0 1 0 1 0 1 0 3 
1 1 1 1 1 0 1 0 0 1 0 1 1 1 1 1 0 0 0 1 1 1 1 1 1 0 0 0 0 1 0 1 1 1 1 1 1 1 1 0 1 1 1 1 1 1 1 1 1 1 1 1 1 1 1 1 1 1 1 1 1 0 1 0 1 1 1 0 1 1 1 0 0 1 1 1 1 1 1 1 1 0 1 0 1 1 0 1 1 0 0 1 1 1 1 1 1 2 2 2 4 1 1 2 1 1 0 2 2 3 1 0 2 1 1 1 0 1 2 2 2 2 2 1 4 1 2 2 0 1 1 1 0 1 1 0 0 1 1 1 1 1 1 1 1 1 1 0 1 1 0 1 1 1 0 1 1 1 1 3 
1 0 1 1 1 1 0 0 1 1 1 0 1 1 0 1 0 1 1 1 1 1 1 0 1 1 1 1 1 0 1 1 1 1 1 1 1 1 1 0 1 1 1 1 1 1 1 1 1 1 0 1 1 1 1 1 1 0 1 1 0 1 1 0 1 1 0 1 0 1 1 0 1 1 1 1 0 0 0 1 1 1 1 1 1 1 1 1 1 0 0 0 1 1 1 1 0 1 1 0 4 2 1 0 1 2 0 1 2 3 2 1 1 0 0 0 2 1 0 2 1 1 0 1 3 2 2 1 1 1 1 1 1 0 0 1 1 1 0 1 1 1 1 1 1 1 1 1 0 1 0 1 0 1 1 1 1 1 0 3 
1 1 0 1 1 1 1 1 1 1 0 1 1 1 0 1 1 1 1 1 1 1 0 1 1 1 1 1 1 1 1 0 1 1 1 1 0 1 0 1 1 1 1 1 1 1 0 1 1 1 1 0 1 0 1 1 1 1 1 1 1 1 0 1 1 1 1 0 1 0 1 1 1 1 1 1 1 1 0 1 0 1 1 1 1 1 0 1 1 1 1 0 1 1 1 1 1 0 0 0 4 2 1 0 1 0 0 0 0 4 0 0 2 2 1 2 2 2 1 0 1 2 1 1 3 0 1 0 1 1 1 1 1 1 1 1 1 0 1 1 1 1 1 1 1 1 1 1 1 1 0 1 1 1 0 1 1 1 1 3 
1 1 1 1 1 0 1 1 1 1 1 1 1 1 1 0 1 1 1 1 0 0 1 1 1 1 1 1 1 0 1 1 0 1 1 0 1 1 1 1 1 0 0 1 1 1 1 1 1 0 0 0 1 1 1 1 1 1 1 0 1 1 1 0 1 1 1 0 0 0 0 1 1 1 1 1 0 0 1 1 1 0 0 1 1 1 1 1 1 1 1 1 1 1 1 1 1 0 0 2 3 1 1 1 1 0 2 2 0 3 2 2 2 1 0 2 1 0 2 2 0 1 2 1 4 2 0 0 0 1 1 1 0 0 1 1 1 1 1 1 1 0 1 1 1 1 0 1 1 1 1 1 1 1 1 1 0 1 1 3 
1 1 1 1 1 1 0 1 1 1 1 1 1 1 1 1 1 1 1 0 1 0 1 1 1 0 0 1 0 1 1 1 1 0 1 1 0 1 0 1 1 1 1 1 1 0 1 1 1 1 1 1 1 0 1 1 1 1 0 1 0 0 1 1 0 1 1 1 0 1 1 1 1 1 1 1 1 1 1 1 1 1 1 1 1 1 1 1 1 1 1 1 1 1 1 1 1 1 1 2 4 2 1 1 2 2 0 0 0 3 1 1 2 1 2 2 1 0 1 1 2 0 0 1 3 1 1 1 1 1 0 1 1 0 0 1 1 0 1 1 1 1 1 0 1 0 1 1 1 0 0 1 1 1 1 1 1 0 1 3 
1 0 1 1 0 1 1 0 0 1 0 1 1 0 1 1 0 1 0 1 0 1 1 1 1 1 0 1 0 0 1 1 1 1 1 1 0 1 0 1 1 1 1 1 1 1 0 1 1 0 1 1 1 1 0 1 1 0 1 1 0 0 1 1 0 1 0 1 1 1 1 1 1 1 1 1 1 1 1 1 1 1 1 1 1 1 1 1 1 1 1 0 1 1 1 1 1 1 0 2 4 1 2 2 2 2 2 0 1 4 1 1 2 2 2 0 2 1 1 2 2 2 0 0 4 2 2 1 1 1 1 1 1 1 1 1 0 0 1 1 0 1 1 1 1 1 1 1 1 0 1 0 0 0 0 1 1 1 0 3 
1 1 1 1 1 0 1 1 1 1 0 1 1 1 1 1 1 1 1 1 1 0 1 1 1 0 1 1 1 1 1 1 1 0 1 1 1 1 1 1 1 0 1 0 1 1 1 1 1 0 1 1 1 1 0 0 1 1 1 1 0 1 1 1 1 1 0 1 1 1 0 1 1 1 0 1 1 1 1 1 0 1 1 1 1 1 1 1 1 1 1 1 1 1 1 1 0 0 2 1 4 2 2 1 0 0 0 0 2 4 2 1 0 0 1 1 1 2 1 1 2 2 1 2 4 2 1 1 1 1 1 1 1 1 1 0 1 1 0 1 0 1 1 1 1 0 1 1 1 0 1 1 0 1 1 1 0 1 1 3 
0 1 1 1 1 1 1 1 1 1 1 1 0 1 0 1 1 1 1 1 1 0 1 1 0 1 1 0 1 1 1 1 1 1 1 0 0 1 1 1 1 1 1 1 1 1 1 0 1 1 1 1 1 1 1 1 1 1 1 1 1 1 1 1 0 1 1 0 1 1 0 1 1 1 1 1 1 0 1 1 1 1 1 1 1 1 1 1 1 1 1 1 1 0 1 1 1 1 0 1 3 1 1 1 1 0 1 2 1 4 1 2 0 2 2 2 0 2 0 2 2 2 1 1 3 2 2 1 0 1 0 1 1 1 0 1 1 1 0 1 1 1 1 1 1 1 1 1 0 1 1 1 0 1 1 1 1 1 1 3 
0 1 0 1 1 0 1 1 0 0 1 1 1 1 1 1 1 1 1 1 0 1 1 1 0 1 1 1 1 1 0 1 1 1 1 1 1 1 1 1 1 1 1 0 1 1 1 1 0 1 1 0 1 1 0 1 1 1 0 1 1 1 1 1 1 1 0 1 1 1 1 1 1 1 1 0 1 1 1 1 0 0 1 1 1 1 1 1 1 1 0 1 1 0 1 1 1 2 2 2 4 0 0 1 2 1 0 2 2 3 0 2 1 2 1 1 1 0 0 2 2 0 2 0 3 2 2 2 0 0 1 1 1 0 1 1 0 1 1 1 0 1 1 1 1 1 1 0 1 1 1 0 0 0 1 0 1 1 1 3 
1 1 1 1 1 1 1 1 1 1 0 1 1 0 1 1 1 1 1 1 0 1 1 1 1 1 1 0 1 1 1 1 1 1 0 1 0 1 1 1 0 0 1 1 1 0 1 1 1 1 1 1 1 1 1 1 0 1 1 1 1 1 1 1 1 0 1 0 0 1 1 0 1 1 1 1 1 1 0 1 1 1 1 1 0 1 1 1 1 1 1 0 1 1 0 1 1 2 1 1 4 1 1 2 2 2 2 2 0 4 2 0 1 1 2 1 1 1 1 1 2 1 1 2 4 1 1 2 0 1 1 1 1 1 1 1 1 0 0 1 0 1 1 1 1 0 1 1 1 1 1 1 1 1 0 1 0 1 1 3 
1 1 1 1 0 1 1 1 1 1 1 1 0 1 1 1 0 1 1 1 1 0 1 1 1 1 1 0 1 0 1 0 1 1 1 1 1 1 1 1 1 1 1 0 1 1 0 0 1 1 1 1 1 1 0 0 1 0 1 1 0 1 0 0 1 0 1 1 1 1 1 1 0 1 1 1 1 1 1 1 1 1 1 1 1 1 0 0 1 1 0 0 1 1 1 1 1 2 2 0 4 2 0 2 1 0 1 1 1 4 1 1 2 2 2 1 0 2 2 1 0 1 2 2 3 1 1 2 1 1 0 1 1 1 1 1 1 0 1 1 0 1 1 1 1 1 0 1 1 1 1 1 1 1 1 1 1 1 1 3 
1 1 1 1 1 1 1 1 1 1 0 1 0 1 1 1 1 1 1 0 1 1 0 1 1 1 1 1 1 1 1 1 1 1 1 1 0 0 1 0 1 1 0 1 1 1 1 1 0 1 1 1 1 1 0 0 1 1 1 0 1 1 1 0 1 1 0 1 0 1 1 0 1 1 1 1 1 1 1 1 1 0 1 1 1 1 1 1 1 1 1 1 1 1 0 0 1 1 2 2 4 1 0 1 0 2 1 1 2 3 1 1 2 2 2 2 1 2 1 1 2 0 0 0 3 0 2 1 1 0 1 0 1 1 0 1 1 1 1 0 0 6 1 1 1 0 0 1 1 1 1 1 0 1 1 1 1 0 1 3 
1 0 1 0 1 1 1 1 0 0 1 1 1 1 1 0 0 1 0 1 1 0 1 1 1 1 0 1 1 1 0 1 1 1 1 1 1 1 1 1 1 1 1 1 1 0 1 1 1 1 1 1 0 1 1 1 1 1 1 1 0 1 1 1 1 1 1 0 1 0 1 1 1 1 1 1 1 1 1 0 1 1 1 1 1 1 1 1 1 1 1 0 1 1 1 1 1 0 1 2 4 2 1 2 2 1 2 1 1 4 1 2 1 2 2 1 2 1 2 1 2 2 0 1 4 0 0 1 0 1 1 1 1 1 0 1 1 1 1 1 1 1 1 0 1 1 1 0 0 1 1 0 1 1 0 0 0 1 1 3 
1 0 1 0 1 1 0 1 1 1 1 1 1 0 1 1 0 0 1 1 1 1 1 1 1 1 0 0 1 0 5 0 1 1 1 1 1 1 1 0 0 1 1 1 1 1 1 1 1 1 1 1 0 0 1 0 1 1 1 0 1 1 1 1 1 0 1 0 1 0 0 1 1 1 1 1 1 1 0 0 0 1 0 1 1 1 1 1 1 0 0 1 1 0 0 0 1 1 1 2 4 2 0 2 1 1 2 1 2 4 1 1 1 1 2 1 2 1 0 2 0 1 0 2 3 1 2 2 1 1 1 1 1 1 0 1 1 0 1 1 1 0 1 1 1 0 1 1 1 1 1 0 1 1 1 0 1 1 1 3 
1 1 0 1 1 0 1 0 1 1 1 1 1 1 1 1 1 1 1 0 0 0 1 1 1 1 1 1 1 1 1 1 0 1 1 1 0 1 0 1 1 0 1 1 1 1 0 1 1 0 1 1 0 1 1 1 1 1 1 1 1 1 0 0 1 1 1 1 1 1 0 1 1 0 1 1 1 0 0 1 1 1 1 1 0 1 1 0 1 1 1 1 1 1 1 1 1 2 1 1 4 1 1 1 0 1 1 2 2 3 2 1 2 0 2 1 0 0 1 1 0 1 1 2 3 2 0 1 1 1 0 1 1 1 1 1 1 1 1 0 0 0 1 1 1 1 1 1 1 0 1 0 0 1 0 1 1 1 1 3 
0 1 1 1 1 1 1 1 0 1 1 1 1 1 1 1 1 1 1 0 1 1 1 0 1 1 1 1 1 1 1 1 1 1 1 1 1 1 1 1 1 0 1 1 1 0 1 0 0 0 1 0 0 0 1 1 1 1 1 1 0 1 1 1 0 1 1 0 1 1 1 0 1 1 1 0 1 1 1 1 1 1 1 1 1 1 1 1 0 1 0 0 1 1 1 1 0 2 1 1 4 2 2 0 1 1 2 0 0 4 1 0 1 1 0 2 1 2 0 2 2 0 2 1 3 1 2 1 1 1 1 1 0 1 0 1 1 1 1 0 1 1 1 1 0 1 1 1 1 1 1 1 0 1 1 1 0 1 1 3 
