Start Coordinates: 118 149
End Coordinates: 10 15
Hard Terrain: (72, 48)
Hard Terrain: (94, 110)
Hard Terrain: (7, 95)
Hard Terrain: (99, 74)
Hard Terrain: (118, 120)
Hard Terrain: (115, 114)
Hard Terrain: (103, 112)
Hard Terrain: (65, 132)
1 0 1 0 1 0 0 1 0 0 1 1 1 1 1 1 1 0 1 0 1 1 0 1 1 1 1 1 1 1 1 1 1 0 0 0 1 0 1 1 1 0 1 1 1 1 1 1 1 1 1 1 1 1 1 1 0 1 1 1 0 1 1 1 1 1 0 1 1 1 1 0 1 1 1 1 1 1 1 1 1 2 0 0 2 2 0 2 0 1 1 0 0 1 2 2 2 2 0 2 4 0 2 1 2 2 2 1 2 2 1 1 0 1 1 0 0 0 1 3 1 1 1 1 0 0 0 1 1 1 1 0 1 0 1 1 1 0 0 1 1 1 1 1 1 1 1 1 1 1 1 1 1 1 1 1 1 1 1 1 
1 1 1 1 1 1 1 1 1 1 1 1 0 1 1 1 1 1 1 1 1 0 1 0 1 1 0 0 0 1 1 1 1 1 1 1 1 1 1 1 1 1 1 0 1 0 1 1 1 0 1 1 0 0 1 0 1 1 1 1 0 0 1 1 1 1 0 1 1 1 0 1 1 1 1 1 0 1 1 1 0 1 0 2 1 1 0 2 0 2 2 0 1 2 2 1 1 2 1 1 3 0 0 2 1 2 1 2 2 1 2 0 1 1 1 1 1 1 1 3 1 1 1 1 1 1 1 1 1 1 1 1 0 1 0 1 1 1 1 1 0 1 1 1 1 0 1 0 1 0 1 1 0 1 1 1 1 1 1 1 
0 0 0 1 1 1 1 1 1 0 0 1 1 0 1 1 0 1 1 1 1 1 1 1 1 1 0 0 1 1 0 1 1 1 1 0 1 1 1 1 1 0 1 1 1 1 1 1 0 1 1 1 1 0 1 1 1 1 1 1 1 1 1 1 1 1 1 1 1 1 1 0 1 0 1 1 1 0 1 1 1 1 0 0 1 2 2 1 1 1 1 1 0 0 0 2 1 1 2 1 3 0 1 2 2 1 0 1 1 2 2 0 0 1 1 1 1 1 0 3 1 1 1 1 1 1 1 1 1 1 0 0 1 1 1 1 1 1 1 1 1 1 1 1 1 1 1 1 1 0 1 1 0 1 0 1 0 0 1 1 
1 1 1 1 1 1 1 0 0 0 1 1 1 1 1 1 1 0 1 1 0 0 1 1 0 0 1 1 1 1 1 1 1 0 1 0 1 1 0 1 0 1 1 1 0 1 1 1 0 1 0 0 1 1 1 1 1 1 1 1 1 1 1 1 1 1 0 1 1 0 1 1 1 1 0 1 1 1 1 1 0 1 0 1 2 0 0 2 1 2 1 1 1 0 1 1 1 1 1 1 3 0 2 1 0 1 2 2 1 2 2 1 1 0 1 1 1 1 1 3 1 0 1 1 1 1 1 1 1 1 1 0 1 0 1 1 0 1 1 1 1 1 1 1 1 1 1 1 1 0 0 0 0 1 1 1 1 1 1 1 
1 1 1 1 1 0 1 1 1 1 1 1 1 1 1 1 1 1 0 1 1 1 1 1 1 0 1 1 0 1 0 1 0 1 1 0 1 0 1 1 1 1 1 1 1 1 0 1 0 1 1 0 0 1 1 1 0 1 1 1 1 1 1 1 1 0 1 0 1 1 0 1 1 1 1 1 1 1 1 1 0 1 1 1 0 2 2 0 0 2 0 1 1 1 1 2 1 1 2 1 4 2 1 2 2 2 1 1 1 2 1 1 1 1 1 1 1 1 1 3 1 0 1 1 0 1 1 1 1 1 1 1 1 1 1 1 1 0 1 0 1 1 1 1 1 1 1 1 1 1 1 1 1 1 1 1 0 1 0 1 
1 1 1 1 1 1 0 1 1 1 0 1 0 1 0 1 1 0 1 0 1 0 1 1 1 0 1 1 1 1 0 1 1 1 1 0 1 1 1 1 0 1 1 0 1 1 1 1 1 1 1 1 1 1 0 1 1 1 1 1 1 1 1 0 1 0 0 1 1 1 0 0 1 0 0 1 1 1 1 0 2 0 2 1 2 0 2 2 1 1 2 0 1 0 1 1 1 2 2 1 4 1 2 2 1 1 1 2 2 0 2 0 1 1 0 1 1 0 1 3 1 1 1 1 0 0 1 1 0 1 0 1 1 1 1 1 1 1 0 1 0 0 1 1 1 0 1 0 1 1 1 0 1 1 1 1 1 0 0 1 
0 1 1 0 0 0 1 1 0 0 1 1 1 1 1 0 0 0 0 1 1 1 1 1 1 1 0 0 0 1 1 1 1 1 0 1 1 0 1 1 1 0 0 1 0 1 1 1 0 1 1 1 1 1 1 1 1 0 0 0 1 1 1 1 1 1 1 1 1 0 1 1 0 1 0 1 1 1 0 1 0 2 1 1 2 0 0 1 0 1 1 2 2 1 2 2 2 0 2 0 4 2 0 1 2 1 0 2 0 2 0 1 1 1 1 1 1 1 1 3 1 0 1 1 1 1 1 1 1 1 1 0 1 0 0 1 1 1 1 1 1 1 0 1 1 1 0 1 1 1 0 1 1 1 1 0 1 0 1 1 
1 0 1 1 0 1 0 1 1 1 1 1 1 1 0 0 1 1 1 0 0 0 1 1 1 1 1 1 1 0 1 0 1 0 1 1 1 1 1 1 1 1 0 1 1 1 1 1 1 0 1 0 1 1 1 1 1 1 1 0 0 1 0 1 1 1 1 1 1 1 1 1 1 1 1 1 1 1 1 1 2 0 2 2 0 1 1 0 0 1 2 0 2 1 0 1 2 1 1 0 4 2 2 0 0 1 2 0 2 2 0 1 1 0 0 1 0 1 0 3 1 1 1 1 1 1 1 1 1 1 0 1 1 0 0 1 1 1 1 1 0 1 1 1 1 1 1 1 0 1 1 1 1 1 0 1 0 1 1 1 
0 1 1 1 1 0 1 1 1 1 1 0 1 1 1 1 1 1 1 1 1 1 1 0 1 0 1 1 1 1 1 1 1 1 1 1 1 0 1 1 1 1 0 1 1 1 1 1 1 0 0 1 1 1 0 1 1 1 1 1 1 1 1 0 1 0 1 1 1 1 1 1 1 0 1 1 1 1 1 1 0 1 1 0 1 2 0 1 2 0 2 0 2 2 2 1 1 0 2 0 4 1 2 2 0 2 1 1 0 1 0 1 0 1 1 1 0 1 0 3 1 1 1 1 0 1 1 1 1 1 1 0 1 1 0 1 0 0 1 1 0 1 1 1 1 1 1 0 1 0 0 0 1 0 1 1 1 1 1 1 
1 1 1 0 0 1 1 0 1 1 1 1 1 1 1 1 0 0 1 0 1 1 1 1 1 1 0 1 1 1 1 1 1 1 0 0 1 1 1 0 1 1 1 1 1 1 1 0 1 1 1 1 1 1 1 1 1 1 1 1 1 1 1 0 1 1 1 1 1 1 1 1 0 1 1 1 1 1 1 1 1 1 2 1 1 2 1 1 1 1 2 1 1 0 1 2 2 1 0 2 3 0 0 0 0 1 1 1 1 1 2 1 1 1 1 1 1 1 1 3 0 1 1 1 0 1 1 1 1 0 1 1 1 1 1 1 1 1 1 1 1 0 0 1 1 1 1 0 0 1 1 1 0 1 1 1 1 1 1 1 
1 0 1 1 0 1 1 0 1 0 1 1 0 1 1 6 1 1 1 1 0 1 0 1 1 1 1 1 0 1 0 1 1 1 0 1 1 1 0 1 1 1 0 1 1 0 1 0 1 1 0 1 1 1 0 1 1 1 1 1 1 1 0 1 1 1 1 0 1 0 1 1 1 0 1 1 1 1 1 1 0 0 2 2 0 1 1 2 1 1 2 2 2 1 0 1 0 2 2 1 3 2 2 2 1 1 1 2 1 0 2 1 0 0 1 1 0 0 0 3 1 1 1 1 0 1 1 1 0 1 1 0 0 1 1 1 0 1 1 1 1 1 1 1 1 1 1 1 1 1 1 1 1 1 1 0 0 1 1 1 
1 1 0 1 1 1 1 1 1 0 1 1 1 1 0 0 1 1 1 1 1 1 1 0 1 0 1 1 1 1 1 1 1 1 1 1 1 1 0 0 1 1 1 1 1 1 1 1 1 1 1 1 1 0 1 1 1 1 0 0 1 1 1 1 1 1 1 1 1 0 1 1 1 1 1 1 1 1 1 1 1 2 1 2 2 2 1 2 1 2 1 1 1 1 0 2 2 1 2 0 4 2 1 2 2 2 2 1 0 1 1 1 0 0 1 1 0 1 0 3 1 1 1 1 1 1 1 1 1 1 0 1 1 1 1 1 1 1 0 1 1 1 1 1 1 0 1 1 1 1 0 0 0 1 0 1 1 0 1 1 
0 1 1 1 0 1 0 1 1 0 0 1 1 1 1 1 1 1 1 0 1 1 1 0 0 1 1 0 0 1 1 1 1 1 1 1 1 1 1 1 1 1 1 1 1 1 1 1 1 1 1 0 1 1 1 0 1 1 1 1 1 1 1 1 0 0 1 0 1 1 1 1 1 1 1 1 1 1 1 1 1 1 1 2 1 0 2 1 2 2 1 2 0 0 1 2 2 2 0 1 3 2 2 0 1 0 2 2 1 1 2 1 1 1 0 1 0 1 1 3 0 1 1 1 0 0 1 1 1 1 1 1 1 1 1 1 0 1 1 1 1 1 1 1 1 0 1 1 0 0 1 1 1 1 1 1 1 0 1 1 
1 1 1 1 1 1 1 1 1 0 1 1 1 0 1 1 0 1 1 1 1 1 1 1 1 0 1 0 1 0 1 1 0 1 1 1 1 1 0 0 1 1 1 1 1 1 0 0 1 1 1 1 0 0 0 1 1 1 1 1 1 0 1 1 1 0 1 1 1 1 0 1 0 1 0 1 0 0 1 1 1 2 2 0 2 2 2 0 2 2 2 2 1 0 1 2 2 2 2 2 3 2 0 0 1 2 1 2 1 1 0 1 1 1 1 0 1 0 1 3 1 1 0 1 1 1 1 1 0 1 1 1 1 1 1 1 1 1 1 1 1 0 1 0 1 1 1 1 1 0 1 1 0 0 1 1 1 1 1 1 
1 0 1 1 1 0 1 1 1 1 1 1 1 1 1 1 1 1 1 1 1 1 1 0 1 0 1 1 1 1 1 1 1 1 0 1 1 1 1 0 1 1 1 1 1 1 1 0 1 0 1 1 1 1 1 1 1 1 1 1 1 1 1 1 1 1 1 1 1 1 1 1 1 1 1 1 1 1 1 0 1 2 2 2 2 2 0 2 2 2 0 2 1 1 0 2 2 1 1 2 3 2 2 1 1 0 2 0 0 1 2 1 0 1 0 1 1 1 1 3 1 1 0 1 0 1 0 1 1 1 1 0 0 1 1 1 0 0 1 0 1 1 1 0 0 1 0 1 0 1 1 1 1 0 1 1 1 1 1 1 
0 0 1 1 1 1 1 1 1 1 0 1 1 1 1 1 0 1 1 1 1 1 1 0 1 0 0 1 1 1 1 1 0 0 0 1 0 1 1 1 1 1 1 1 1 1 0 0 1 1 0 1 1 1 1 1 0 1 1 1 1 1 1 1 1 0 1 0 1 0 1 0 1 1 0 0 1 0 1 1 2 1 1 1 2 1 0 1 0 1 1 1 2 2 0 1 0 1 1 2 4 2 1 2 1 1 1 0 2 2 1 1 0 1 1 1 1 0 1 3 0 0 1 1 0 1 1 1 1 1 1 1 1 1 1 0 1 1 1 1 1 1 0 1 1 1 1 1 1 1 1 1 0 1 0 1 1 1 1 1 
1 1 0 1 0 1 1 1 1 1 1 1 1 1 0 1 1 1 1 1 1 0 1 1 1 1 0 1 1 0 1 1 1 1 1 1 1 1 1 0 1 0 1 1 0 1 0 1 1 1 1 1 0 0 1 0 1 1 1 1 1 1 1 1 0 0 1 1 1 1 1 1 1 1 1 1 1 1 1 1 2 1 0 1 1 1 1 2 2 2 0 2 0 2 2 1 0 2 2 1 3 2 0 2 1 2 0 0 1 2 2 0 1 1 1 1 1 0 1 3 1 1 1 1 1 1 1 1 1 1 1 1 0 1 1 1 0 1 1 1 1 0 1 0 1 1 1 1 1 1 0 1 1 1 1 1 1 1 0 1 
0 1 1 1 1 1 1 1 0 1 1 0 1 1 1 1 1 1 1 1 1 1 0 0 1 1 1 1 1 1 1 1 1 1 0 1 0 1 1 0 0 1 1 1 1 0 0 1 1 1 1 0 1 1 1 1 0 0 1 0 1 1 1 0 1 1 1 1 1 1 1 1 1 0 1 1 1 1 1 1 2 0 1 0 1 2 1 1 2 1 1 2 2 1 2 1 2 1 0 0 4 2 1 0 0 0 0 1 2 0 0 1 1 1 1 0 0 1 1 3 0 1 0 1 0 1 0 1 1 1 1 1 1 1 1 1 1 1 1 1 0 1 0 1 1 0 1 1 1 1 0 1 1 1 1 1 1 1 1 1 
1 1 1 1 1 1 1 0 1 1 0 1 0 1 0 1 1 1 1 1 1 0 1 1 1 1 1 1 1 1 1 1 1 1 0 1 1 1 1 1 1 1 1 1 1 1 1 1 1 1 1 1 1 1 1 1 1 0 0 1 1 0 1 1 1 0 1 1 0 1 1 1 1 1 1 1 1 1 1 0 1 2 2 1 1 1 2 0 1 2 2 1 2 2 2 0 2 1 2 1 4 1 0 1 1 2 1 1 1 1 1 1 1 0 0 1 1 1 1 3 1 1 1 1 1 1 1 1 1 1 1 1 1 1 1 1 1 1 1 1 1 0 1 1 0 1 1 1 0 0 0 1 1 1 1 1 1 1 1 0 
1 1 1 1 0 1 1 0 1 0 1 1 1 1 1 1 1 0 1 1 1 1 0 0 1 1 1 1 1 1 1 1 1 1 1 0 1 1 1 1 1 1 1 0 1 1 1 1 0 1 1 0 0 1 1 1 1 1 1 0 0 1 1 1 1 1 1 0 0 0 1 1 1 1 1 1 1 1 1 1 1 2 1 1 1 1 1 2 0 1 2 1 1 0 1 0 2 1 0 1 4 1 2 0 0 0 1 0 0 2 1 0 0 1 1 1 1 1 1 3 1 1 1 0 1 1 1 0 1 1 1 1 1 1 1 1 1 1 0 1 1 1 1 1 1 1 0 1 1 1 1 0 1 0 1 1 1 1 1 0 
0 1 1 1 1 0 1 1 1 0 1 0 1 1 1 1 1 1 1 0 1 0 1 1 1 1 1 0 1 1 1 1 1 1 1 1 1 0 1 1 1 1 0 1 1 0 0 0 1 1 1 0 1 1 1 1 1 1 0 1 1 1 0 0 1 0 1 1 1 1 1 1 1 1 0 1 1 1 0 1 2 1 1 1 2 0 1 2 2 1 2 1 2 0 2 0 0 2 0 1 3 0 1 2 0 1 0 1 2 2 0 1 1 0 1 1 1 0 1 3 1 1 1 1 0 0 0 1 1 1 1 0 1 1 1 1 1 1 0 0 1 1 1 1 1 1 0 1 0 1 1 1 1 1 0 1 1 1 1 1 
1 1 1 1 1 1 0 1 0 1 1 1 0 1 0 1 1 1 1 1 1 1 1 1 1 0 1 0 1 1 1 1 1 1 0 0 0 1 0 1 1 1 0 1 0 1 1 1 1 1 1 1 1 1 1 1 1 1 1 1 1 1 1 1 1 1 1 1 1 1 1 0 1 1 1 1 1 0 1 1 1 0 1 2 1 1 2 0 2 1 2 2 2 1 1 1 0 2 2 1 3 1 2 1 2 0 0 2 2 2 0 1 1 0 1 1 1 1 1 3 1 1 1 1 1 0 1 1 1 1 1 1 1 1 0 0 1 1 1 1 1 1 1 1 1 1 1 1 1 1 1 1 0 1 1 1 1 1 1 1 
1 0 0 0 1 1 1 1 1 1 1 1 1 1 1 1 1 1 1 1 1 0 0 1 1 1 1 1 1 1 1 1 1 1 0 1 0 0 1 1 1 0 1 1 1 1 1 1 1 1 1 1 0 0 1 1 1 0 0 1 1 1 1 0 0 1 1 0 0 1 1 1 0 1 1 1 1 1 1 0 2 0 1 1 1 2 1 2 2 2 1 1 2 1 1 2 1 0 1 2 4 1 2 1 2 1 0 1 2 0 1 1 1 1 0 1 0 0 1 3 0 1 1 1 1 1 1 0 1 1 1 1 1 1 1 1 1 0 1 1 1 1 1 1 1 1 1 0 1 0 1 1 1 1 1 1 0 1 1 1 
1 0 1 1 1 1 0 0 0 1 1 1 0 0 1 1 1 1 1 0 0 1 1 1 1 0 1 1 1 0 0 1 1 1 1 1 1 1 1 1 0 0 1 1 1 1 1 1 1 1 0 0 0 1 1 1 1 0 1 1 1 0 1 1 1 1 1 0 1 1 1 1 1 0 1 1 1 1 1 0 1 1 1 1 0 1 1 1 1 1 1 1 1 1 0 1 1 1 1 1 3 1 0 1 1 0 1 1 1 1 1 1 1 1 1 1 1 0 1 3 0 1 1 1 1 1 1 1 0 1 1 0 1 1 0 1 1 1 0 1 1 1 1 1 1 1 1 0 0 1 1 1 1 0 1 1 1 1 1 1 
0 1 1 0 1 1 1 1 1 1 1 1 1 0 1 0 1 0 1 0 1 0 0 1 1 1 0 1 1 1 1 1 1 0 1 1 1 0 0 0 1 1 1 1 0 1 1 1 1 1 1 1 1 1 1 1 1 1 1 0 1 1 1 0 1 1 1 1 1 1 1 1 1 1 1 1 1 1 1 1 1 1 1 1 1 1 1 1 1 1 1 1 1 1 1 1 0 1 1 0 3 1 1 1 1 1 0 1 0 1 1 0 0 1 0 1 0 1 1 3 1 1 1 1 1 1 1 1 1 1 0 1 0 1 1 0 1 1 1 1 1 1 1 1 1 1 1 1 1 1 1 1 1 1 1 1 1 1 1 1 
1 1 0 1 1 1 1 1 0 1 1 1 1 1 1 1 0 0 1 0 0 1 0 1 1 1 1 1 1 1 1 0 1 1 1 1 1 1 0 1 1 1 0 1 1 1 1 1 0 1 1 1 1 1 0 1 1 0 1 0 0 1 1 0 1 1 0 1 0 1 1 0 1 1 1 1 1 0 1 1 0 0 1 1 1 1 1 1 0 1 1 1 1 1 1 1 0 1 1 1 3 1 1 1 1 1 0 1 0 1 1 0 0 1 1 1 1 1 1 3 0 1 0 1 0 0 1 1 1 1 0 1 0 1 1 0 1 1 1 1 1 0 1 0 1 1 1 1 0 1 1 1 1 1 1 1 1 1 1 1 
0 1 1 1 1 1 1 1 1 0 1 1 0 1 1 1 1 1 1 1 1 0 0 0 1 1 1 0 1 1 1 1 0 1 0 0 0 1 1 1 1 1 1 1 1 1 1 0 0 1 0 1 0 0 1 1 1 1 0 1 0 1 1 0 1 1 1 1 0 1 1 1 0 1 0 0 1 1 0 0 0 1 1 1 1 1 1 1 0 1 0 0 1 1 1 1 0 1 1 1 3 1 1 1 1 1 0 1 1 1 1 1 1 1 1 1 1 0 0 3 0 1 1 0 1 1 1 1 1 1 1 1 1 1 1 1 1 0 1 1 1 1 0 1 1 1 1 0 1 1 1 1 1 0 1 1 1 1 1 0 
1 1 1 0 1 0 1 1 1 1 1 0 1 1 1 1 1 1 1 1 1 1 1 1 0 1 1 0 1 1 0 1 1 0 0 1 1 0 0 1 1 1 0 1 0 1 1 1 0 1 1 1 1 1 1 1 1 1 0 0 0 0 1 1 1 0 1 0 1 1 1 1 1 1 0 1 1 1 1 1 1 1 1 1 1 0 1 1 1 1 0 1 1 1 1 1 1 1 1 1 3 0 1 1 1 1 1 1 1 1 0 1 1 0 1 1 0 1 1 3 1 1 1 1 1 1 1 0 1 1 0 0 1 1 1 1 1 1 1 0 1 1 1 1 1 1 0 1 0 0 0 1 1 1 1 1 1 1 1 1 
1 1 1 0 1 1 1 1 1 1 1 1 0 1 1 1 1 0 1 1 1 1 1 1 0 1 1 1 1 0 1 1 0 1 0 1 1 1 1 1 1 1 1 1 1 0 0 1 0 0 1 1 1 0 1 0 1 1 1 1 0 1 1 1 1 1 1 1 0 1 1 1 1 0 0 0 0 1 0 1 1 1 1 0 1 1 1 0 0 0 1 1 0 0 0 1 0 1 1 1 3 1 1 1 0 1 1 1 1 1 1 1 1 1 1 1 1 1 0 3 1 1 1 0 1 1 0 0 1 0 0 1 1 1 1 1 1 1 0 1 1 1 0 1 1 1 1 1 1 1 1 1 1 1 1 1 1 0 0 0 
1 0 1 1 1 1 0 1 0 1 1 0 1 0 1 1 0 1 1 1 1 1 1 0 1 1 1 1 1 1 1 1 1 1 1 1 1 1 1 1 1 1 1 1 1 1 1 0 0 1 1 1 1 1 1 1 0 1 1 1 1 0 1 0 1 1 1 1 1 1 0 1 1 1 1 0 1 1 1 1 1 1 1 0 0 1 1 1 0 0 1 1 1 1 0 1 1 0 0 1 3 1 1 1 1 0 1 1 1 1 1 1 0 1 1 1 1 1 1 3 0 1 1 1 1 1 1 1 0 1 1 1 1 1 1 1 0 1 0 1 0 1 1 1 0 1 0 1 1 1 1 1 0 1 1 1 1 1 0 1 
0 1 1 1 1 0 1 0 1 1 0 1 1 1 0 1 1 1 1 1 0 1 1 1 0 1 1 1 1 0 1 1 1 1 1 1 0 1 1 1 1 1 1 1 0 1 1 1 1 0 1 1 1 1 1 1 1 1 1 1 0 1 1 1 0 1 0 1 1 1 0 0 1 1 0 0 1 1 1 0 1 0 1 1 1 1 1 1 0 1 1 0 1 1 1 1 1 1 1 0 3 1 1 1 1 1 1 1 1 1 1 1 1 0 1 1 0 1 1 3 1 1 1 1 0 0 1 0 1 1 1 0 0 1 1 1 1 1 0 1 1 1 1 1 1 1 0 1 1 1 1 0 1 1 1 1 1 1 1 1 
1 1 1 1 0 1 1 1 1 1 1 1 1 1 1 1 1 1 1 1 1 1 1 0 1 1 1 1 0 0 1 1 1 1 1 1 1 0 1 1 1 1 1 1 1 1 1 1 1 1 1 1 1 1 0 1 1 1 1 1 0 1 1 1 1 0 1 1 1 1 1 1 1 1 1 1 0 1 1 1 1 1 1 0 1 0 0 1 1 1 1 1 1 1 0 1 1 1 1 1 3 1 1 0 1 1 0 0 1 0 1 1 1 1 0 1 1 1 1 3 1 1 1 1 1 1 1 1 1 1 1 1 0 1 1 0 1 1 1 0 1 1 1 1 1 1 1 1 1 1 1 0 0 1 1 1 1 1 0 1 
1 1 0 1 1 1 1 1 0 1 1 1 0 1 1 1 0 1 1 1 1 0 1 1 1 1 0 1 1 1 1 1 1 0 1 1 1 1 1 1 1 1 1 0 0 1 1 1 0 0 1 1 1 1 0 1 0 1 1 1 1 1 0 0 1 0 1 1 1 1 1 1 1 1 0 1 1 1 1 1 1 1 1 1 1 1 0 0 1 1 1 1 1 1 1 1 0 0 1 1 3 1 1 1 0 1 1 1 1 1 1 1 1 0 0 1 1 1 0 3 1 0 1 0 1 1 1 1 1 1 1 0 0 0 1 1 1 1 1 1 1 1 1 0 1 1 0 1 1 1 0 1 1 1 1 1 1 1 0 1 
1 1 1 1 1 0 1 1 0 0 1 1 1 1 1 1 1 1 0 1 1 0 0 1 0 1 1 1 0 1 1 1 0 1 1 0 1 1 1 1 1 1 1 1 1 1 0 1 1 0 0 1 1 1 1 1 1 1 1 1 0 1 1 1 0 1 0 1 0 1 1 1 1 1 1 1 1 0 0 1 1 1 1 1 1 1 1 1 1 1 0 1 1 1 0 1 1 1 0 1 3 1 0 1 0 1 1 0 1 1 1 1 1 1 1 1 1 1 1 3 1 1 1 1 0 0 1 1 1 1 1 1 1 1 1 1 1 1 0 1 0 1 1 1 1 1 1 1 1 1 1 0 1 0 0 1 1 1 1 1 
1 0 0 1 0 1 1 0 0 1 1 1 1 0 1 1 1 1 1 1 1 0 1 0 1 1 0 1 1 1 1 1 0 1 0 1 1 0 1 1 1 0 1 0 1 1 1 1 1 1 1 1 0 1 1 1 0 1 1 0 1 1 1 1 1 1 0 1 1 1 0 1 1 1 0 1 0 1 1 1 1 1 1 0 1 1 1 0 1 1 0 0 1 1 1 1 1 0 1 1 3 1 1 1 1 1 1 1 1 0 1 0 1 0 0 0 0 0 1 3 1 0 1 1 0 1 1 1 1 1 1 0 1 1 1 1 0 1 1 1 1 1 1 1 0 1 1 0 1 1 0 1 0 1 0 1 1 1 1 1 
1 1 1 1 1 1 1 1 1 1 0 1 0 0 0 1 1 1 1 1 1 0 1 1 1 1 1 1 0 1 1 0 1 0 0 1 1 1 1 1 1 0 1 1 1 0 1 1 1 1 1 1 1 1 1 1 0 1 1 1 1 1 0 1 1 1 1 0 0 1 1 1 1 1 1 1 1 1 1 1 0 1 0 0 1 0 0 1 1 1 1 1 1 1 1 1 1 1 1 1 3 1 1 1 1 0 1 1 1 1 1 1 1 1 1 1 1 0 1 3 1 1 1 1 1 1 1 0 0 1 0 0 1 1 0 1 1 1 0 0 0 1 1 1 1 1 1 1 0 1 1 1 1 1 1 1 1 1 1 1 
1 0 0 1 1 1 1 0 0 1 1 1 1 1 0 1 1 1 1 1 1 1 1 1 1 1 0 1 0 1 1 1 1 1 1 1 1 1 1 0 1 1 1 0 1 1 1 1 1 0 1 1 1 1 0 1 0 1 1 1 0 1 0 1 0 1 1 1 1 1 0 0 1 1 0 0 1 1 1 1 1 1 1 1 1 1 1 1 1 1 1 1 1 1 1 1 1 1 1 1 3 1 1 1 1 0 1 1 0 1 1 1 1 1 1 1 1 1 1 3 1 1 1 1 0 1 1 1 0 1 1 0 1 1 1 1 1 1 1 1 1 1 1 0 1 1 1 1 1 0 1 1 1 1 0 1 1 0 0 1 
1 1 1 1 1 1 1 1 1 1 0 1 0 1 1 0 1 1 0 0 0 1 0 1 1 0 1 1 1 1 1 1 0 0 1 0 0 1 0 1 1 1 1 1 1 1 0 1 0 1 1 1 0 0 1 0 1 1 1 1 1 1 1 1 1 1 1 1 1 0 1 1 1 1 1 0 1 1 1 0 1 1 0 1 1 1 1 1 1 1 1 1 1 1 0 1 1 1 1 0 3 1 1 0 1 1 1 1 1 1 1 1 1 1 1 1 1 1 1 3 1 1 1 1 1 1 0 1 1 0 1 1 1 1 1 1 1 1 0 0 1 0 1 1 1 1 1 1 1 0 1 1 0 1 1 1 1 1 1 1 
1 1 0 0 0 1 1 1 1 1 1 0 1 1 1 1 1 1 1 1 1 0 1 1 0 0 1 1 1 1 1 0 1 1 1 1 1 1 1 1 1 1 0 0 1 1 1 1 1 1 1 0 1 1 1 0 1 1 1 0 0 1 1 1 1 1 1 1 0 1 0 1 0 1 1 0 0 1 0 1 0 1 1 1 1 1 1 0 1 0 1 1 1 1 1 1 1 0 1 1 3 0 1 1 1 1 1 1 1 1 1 1 1 1 1 1 1 1 1 3 1 1 1 1 1 1 1 1 1 1 1 1 1 1 0 0 1 1 1 0 1 0 1 1 1 1 1 1 1 1 1 1 1 1 1 1 1 1 1 1 
1 0 1 1 1 0 1 1 1 1 1 1 1 1 1 1 0 0 0 0 1 1 1 0 1 1 1 1 1 1 0 0 1 1 1 1 1 1 1 1 1 1 1 1 1 1 1 0 1 0 1 1 0 1 1 1 1 1 1 1 1 0 1 0 1 1 0 1 1 1 1 1 0 1 0 1 0 1 1 0 1 1 1 1 1 1 0 1 0 0 0 0 1 1 1 1 1 0 1 1 3 0 1 1 1 1 1 1 1 1 1 1 1 0 1 1 1 0 0 3 1 1 1 1 0 1 1 1 1 1 1 1 1 1 1 1 0 1 1 1 0 1 1 1 1 1 0 1 0 1 0 1 0 1 0 0 1 0 1 0 
1 1 1 1 1 0 1 1 1 1 0 1 1 1 0 0 1 1 1 1 1 1 1 1 1 1 1 1 1 1 1 1 1 1 0 1 1 1 1 1 0 0 1 1 1 1 1 1 1 1 1 1 1 1 1 1 1 0 0 1 1 1 1 1 1 1 1 1 0 1 1 0 1 1 1 1 1 1 1 0 1 1 1 1 1 1 1 1 1 1 0 1 1 1 1 1 1 1 1 1 3 1 1 1 1 1 1 1 1 1 1 1 1 1 1 1 1 1 1 3 1 1 1 1 1 1 0 1 1 1 1 0 1 1 0 1 1 1 1 1 1 1 0 0 1 1 0 1 0 1 1 1 0 1 1 1 1 0 1 1 
1 1 1 1 1 1 1 1 1 0 1 0 0 1 1 1 1 1 1 1 1 1 1 1 1 1 0 1 1 1 0 1 1 1 1 1 1 1 1 1 0 0 1 0 1 0 1 1 1 1 1 0 1 0 1 1 1 1 1 0 1 1 0 1 1 1 1 1 1 0 1 0 0 1 1 1 1 1 1 1 1 0 1 1 1 0 0 1 1 1 1 1 1 1 1 1 1 1 0 0 3 0 1 1 1 0 1 1 0 1 1 1 1 1 1 1 1 1 1 3 1 1 0 1 1 1 1 0 0 1 1 1 1 1 1 0 1 0 1 0 1 1 1 1 1 1 0 1 1 0 1 1 1 1 1 1 1 1 1 1 
1 0 0 1 0 1 1 1 0 0 1 1 0 0 1 1 1 1 1 1 1 1 1 1 1 1 0 1 1 0 1 0 1 1 1 1 1 1 1 1 1 1 1 1 1 0 1 1 1 0 1 1 1 1 0 1 1 1 0 1 1 1 1 1 1 0 1 0 1 0 0 1 1 1 1 1 0 1 1 1 1 1 1 1 1 1 1 1 1 0 1 0 0 1 1 1 1 1 1 0 3 1 1 1 0 1 1 1 1 1 1 1 1 1 1 1 1 1 1 3 1 0 1 1 0 1 1 1 1 1 1 1 0 0 1 1 1 1 1 1 1 1 1 0 0 1 0 1 0 1 0 0 0 1 1 1 1 1 1 1 
0 1 0 1 1 1 1 1 1 1 1 1 1 1 1 0 1 1 1 1 1 0 1 1 0 1 0 1 1 1 1 1 1 1 1 1 0 1 1 1 1 1 1 1 0 1 0 0 0 1 1 1 0 1 1 1 1 1 0 1 1 1 1 1 1 1 1 1 0 1 0 1 1 1 0 1 0 1 1 0 1 1 0 1 1 0 1 1 1 1 0 0 0 1 0 1 1 1 1 1 3 1 0 1 1 1 1 1 1 1 1 1 1 0 1 1 1 1 1 3 0 1 1 1 1 1 1 1 1 1 0 1 1 1 1 1 1 1 1 1 1 0 0 0 1 1 0 1 1 0 1 1 0 1 1 1 1 1 1 1 
1 1 1 1 1 1 1 1 0 1 1 1 1 0 1 0 0 1 1 1 1 1 0 1 1 1 1 1 1 0 1 1 1 1 1 1 1 1 0 1 1 1 1 1 1 1 0 1 1 1 1 0 1 1 1 1 1 1 1 1 1 0 1 1 1 1 1 1 1 0 1 1 1 1 1 0 1 1 1 1 1 1 1 1 1 0 1 1 1 1 1 1 1 1 1 1 1 0 1 1 3 1 1 1 1 1 1 1 1 1 1 0 1 0 0 1 0 0 1 3 1 1 1 1 1 0 1 1 1 1 1 1 1 0 1 1 1 0 1 1 1 1 1 1 1 0 1 1 1 1 1 0 1 1 1 1 1 1 1 1 
1 1 0 1 0 1 1 1 1 1 1 0 0 1 0 1 1 1 1 0 1 1 1 1 1 1 0 0 0 1 1 1 1 0 0 1 0 0 1 1 1 1 1 1 1 0 1 1 1 1 0 1 1 1 1 1 1 1 0 1 1 1 1 0 1 1 1 1 1 1 1 1 1 1 1 1 1 1 1 1 1 1 0 0 0 1 1 0 1 1 1 1 1 1 1 1 1 1 1 1 3 1 1 1 0 1 1 1 1 1 1 1 1 1 1 1 0 1 1 3 1 1 1 1 1 1 1 1 1 1 1 0 1 1 1 1 1 1 1 1 1 1 1 1 1 1 1 1 1 1 1 1 0 1 1 0 0 1 0 0 
3 3 3 3 3 3 3 3 3 3 3 3 3 3 3 3 3 3 3 3 3 3 3 3 3 3 3 3 3 3 3 3 3 3 3 3 3 3 3 3 3 3 3 3 3 3 3 3 3 3 3 3 3 3 3 3 3 3 3 3 3 3 3 3 3 3 3 3 3 3 3 3 3 3 3 3 3 3 3 3 3 3 3 3 3 3 3 3 3 3 3 3 3 3 3 3 3 3 3 3 3 1 1 1 1 1 1 0 1 1 1 0 1 0 1 1 1 1 1 3 1 1 1 0 1 1 1 1 1 1 1 1 1 1 1 1 1 1 1 0 0 1 1 1 1 1 1 1 1 1 1 0 0 1 1 1 1 1 1 1 
1 1 0 1 0 1 1 0 1 1 1 1 1 0 1 0 1 1 1 1 0 1 1 1 1 1 1 1 1 1 1 0 1 1 1 1 1 0 1 0 1 1 1 1 1 1 1 1 1 1 1 1 1 0 1 1 1 1 1 1 0 1 1 1 1 0 1 1 1 1 0 1 1 1 0 1 0 1 1 0 1 0 1 1 0 1 1 0 1 1 1 0 1 0 1 1 1 1 0 0 0 1 0 1 1 0 1 1 1 0 1 1 0 1 1 1 1 1 0 3 1 1 1 1 1 1 1 0 1 1 1 0 1 1 1 1 1 0 0 1 0 1 0 0 1 0 1 1 0 1 1 1 1 1 1 1 0 1 0 1 
1 1 1 1 0 1 1 1 1 1 1 1 1 1 1 1 0 1 1 1 1 1 1 1 0 1 1 0 1 1 0 1 1 1 1 1 1 1 1 0 0 0 1 1 1 1 1 1 1 0 1 1 1 1 1 1 1 1 1 0 1 0 1 1 1 1 1 0 1 0 1 1 1 1 1 1 1 0 1 1 1 1 1 0 1 1 1 1 1 1 1 0 1 1 1 1 1 0 1 1 1 1 1 1 0 1 1 1 1 1 1 1 1 1 1 1 1 0 1 3 1 1 1 0 1 1 0 1 1 1 1 1 0 1 1 1 1 0 0 0 0 1 1 1 1 1 1 1 1 1 1 1 1 0 0 1 1 1 1 1 
1 1 1 1 1 0 1 1 0 1 1 1 1 1 0 1 1 1 0 1 1 1 1 1 1 1 1 1 0 0 1 1 1 1 1 1 0 1 0 0 1 1 1 1 1 1 1 0 1 1 1 1 1 1 0 0 0 0 1 1 1 1 1 1 0 1 1 0 1 0 0 1 1 1 1 0 1 1 1 1 1 1 0 1 0 1 0 1 1 0 1 1 1 1 1 1 0 1 0 1 1 1 1 1 1 1 1 1 1 1 1 1 1 0 0 1 1 1 1 3 1 1 1 1 1 1 0 1 1 1 0 1 1 1 1 0 1 1 1 1 1 1 0 1 1 1 1 0 1 0 1 1 0 1 1 1 1 1 1 1 
1 0 1 0 1 1 1 1 0 1 0 1 1 1 1 0 0 1 1 1 0 1 0 1 1 1 1 1 1 1 1 0 1 1 1 1 1 1 1 1 1 0 0 0 1 1 1 1 1 0 0 1 1 1 0 1 1 1 1 1 1 0 0 1 1 1 1 1 1 1 1 1 1 1 0 0 1 1 1 1 1 1 1 1 1 0 1 1 1 1 1 1 1 1 1 1 0 1 0 1 1 0 1 1 1 0 1 1 0 1 0 1 1 1 1 1 1 2 0 3 1 2 1 1 2 0 2 2 1 1 2 0 1 0 2 0 2 1 1 2 1 0 2 2 0 0 1 1 1 1 1 1 1 1 1 1 1 1 1 1 
1 0 1 1 1 1 1 1 1 0 1 1 1 1 1 0 1 1 1 1 1 0 1 1 1 1 1 1 1 1 1 1 1 1 1 0 1 1 1 0 0 0 1 1 1 0 1 1 1 0 1 1 1 1 1 1 1 1 1 0 1 0 1 1 1 1 1 1 1 1 1 1 1 1 1 1 1 1 1 1 1 0 0 1 1 1 0 1 1 1 1 1 0 1 1 1 1 1 1 1 0 1 1 1 1 1 1 1 0 1 1 1 0 1 1 1 1 1 2 4 0 1 2 0 2 1 1 1 2 0 1 2 1 2 2 1 1 2 2 1 2 2 1 1 2 1 1 2 1 1 1 1 0 1 1 1 1 1 1 1 
1 1 1 1 0 1 0 1 1 1 1 1 1 0 1 0 0 1 1 0 1 1 1 0 1 1 0 1 1 0 1 1 1 0 0 1 0 1 1 1 1 1 1 1 1 1 1 1 1 1 1 1 1 1 1 1 1 1 1 0 1 1 1 1 1 1 0 0 0 1 1 1 1 1 1 0 1 1 1 1 1 1 1 1 1 1 1 1 1 1 1 0 1 0 1 1 1 1 1 1 1 1 0 1 0 0 1 0 1 1 1 1 0 1 1 1 1 0 0 4 1 1 2 1 2 1 1 0 0 0 2 1 2 1 2 1 0 2 1 1 0 1 1 0 2 0 0 1 0 1 1 0 1 1 1 1 1 1 0 1 
1 0 0 1 1 1 0 1 1 1 1 1 1 1 1 1 1 1 1 1 1 1 1 1 1 1 1 1 1 1 1 1 0 1 1 1 0 0 1 1 1 1 1 1 1 1 0 1 1 0 1 0 1 1 0 1 1 1 1 1 1 1 1 1 1 1 1 1 1 0 1 0 1 0 0 0 1 0 1 0 0 0 1 1 1 1 0 1 1 1 1 0 1 1 1 1 1 1 1 1 0 1 1 1 1 1 0 1 1 0 1 1 1 1 0 0 0 2 2 4 1 0 2 1 2 2 0 0 2 1 2 1 1 1 2 1 2 1 2 0 0 1 1 1 2 2 1 2 1 0 0 1 1 1 0 1 1 1 1 1 
1 1 1 0 1 0 0 1 1 1 0 1 1 1 1 1 1 1 1 1 0 0 1 1 1 1 0 1 1 1 1 1 1 1 1 1 1 1 0 0 1 1 1 0 1 0 0 1 1 1 0 1 1 1 1 1 1 1 1 1 1 1 1 1 1 0 1 1 1 1 0 1 1 0 1 1 0 1 1 1 0 1 1 1 1 1 0 1 1 1 1 1 1 1 1 1 1 1 1 1 1 1 1 1 1 1 0 1 0 1 1 1 1 0 1 0 1 2 1 3 2 0 1 1 1 1 1 0 2 1 0 1 1 0 0 0 0 0 1 1 2 2 2 1 2 2 1 0 1 1 1 0 1 1 1 1 1 1 1 0 
1 1 1 1 1 1 1 1 1 1 1 1 1 1 1 1 1 1 0 1 0 1 0 1 1 0 0 1 1 1 0 1 0 1 1 0 1 1 1 0 1 1 1 1 1 1 0 1 1 1 1 0 1 1 0 1 0 1 0 0 1 0 1 1 0 0 0 1 1 0 1 0 1 0 1 1 1 1 1 1 1 0 1 1 1 1 1 0 0 1 1 1 0 0 1 1 1 0 1 1 0 1 1 0 1 1 0 1 0 1 1 1 0 1 0 1 1 2 2 3 2 0 0 0 2 1 1 1 2 1 2 0 2 2 1 0 1 2 2 0 1 1 2 0 0 2 0 1 1 1 0 1 1 0 0 1 1 1 1 1 
1 1 1 1 1 1 1 1 0 0 1 0 0 1 1 1 0 1 0 1 1 1 0 1 1 1 1 0 0 1 1 1 1 1 1 1 1 1 1 0 1 0 1 1 0 1 1 1 1 0 1 0 1 1 1 1 1 0 1 1 0 1 0 1 1 1 1 1 1 1 0 1 1 1 1 1 1 1 0 1 1 1 1 1 0 0 0 1 1 1 1 1 0 1 1 1 1 1 0 1 1 0 1 1 0 1 1 1 1 1 1 1 1 1 1 1 1 2 0 4 1 1 1 1 0 2 2 2 2 0 1 1 1 1 2 1 2 2 2 1 0 1 2 0 1 2 2 2 1 0 0 1 1 1 1 1 1 1 1 0 
1 1 1 1 1 1 0 1 1 1 1 1 1 1 1 1 1 1 1 1 1 1 1 0 1 1 1 0 0 1 1 1 1 1 2 1 2 1 1 2 0 1 2 1 2 2 2 1 1 0 2 1 2 1 1 1 0 2 1 0 0 2 1 2 1 1 1 1 1 1 1 1 0 0 1 1 1 1 1 0 1 1 0 1 1 1 1 1 1 1 0 1 1 1 1 1 1 0 1 1 0 1 0 1 1 1 1 1 1 1 1 1 1 1 1 1 1 2 2 4 2 2 1 2 1 2 1 0 0 1 1 2 1 1 1 0 1 2 2 0 2 2 0 1 2 2 0 1 1 0 1 1 1 0 0 0 1 1 1 1 
0 1 1 1 0 1 0 1 1 1 0 1 1 0 1 1 0 0 1 1 1 0 1 1 0 1 1 1 0 1 0 1 1 2 1 2 2 2 1 0 2 1 1 1 1 2 1 1 2 2 1 1 0 0 2 1 0 1 2 1 2 2 2 2 1 1 1 1 1 0 1 1 1 0 0 0 0 1 0 0 1 1 0 1 1 1 0 1 1 1 1 1 1 1 1 1 1 1 1 1 1 1 1 1 1 1 1 1 1 1 1 0 1 1 0 1 1 2 2 4 1 2 2 1 2 2 2 2 2 1 1 1 0 1 2 2 1 2 2 1 1 2 1 1 2 1 2 2 1 1 1 1 1 1 1 0 1 1 1 1 
3 3 3 3 3 3 3 3 3 3 3 3 3 3 3 3 3 1 1 1 1 1 1 1 1 1 1 1 1 1 1 1 0 0 1 2 2 1 1 1 1 1 2 1 0 2 1 2 1 0 1 2 2 2 1 2 0 2 2 1 1 2 2 1 1 1 1 1 1 0 1 1 1 0 1 1 0 1 1 1 1 1 1 1 0 1 1 1 0 1 0 0 1 1 1 1 1 1 1 1 1 1 0 1 1 0 1 0 1 1 1 0 0 1 1 1 1 1 2 3 0 0 1 0 2 1 1 0 0 1 0 1 1 2 1 2 1 0 2 1 0 0 1 1 1 1 1 2 1 1 1 1 1 1 0 0 1 1 1 1 
0 1 1 1 1 1 1 1 0 1 1 1 1 1 1 1 3 1 1 1 1 1 1 1 1 1 1 1 0 1 1 1 0 2 1 2 1 2 1 2 2 1 1 0 1 0 1 2 1 2 2 1 2 2 1 1 0 1 2 2 1 1 2 2 1 0 1 1 1 1 0 1 1 1 1 0 1 0 1 1 1 1 1 1 1 1 1 0 1 1 0 1 1 1 1 1 1 1 1 1 1 1 1 0 1 0 1 0 1 1 0 1 0 1 1 1 0 2 0 3 1 2 2 0 2 0 2 2 1 2 1 2 2 0 2 2 1 1 1 2 1 2 2 2 0 1 1 0 0 1 1 1 0 1 0 1 0 1 0 0 
1 1 1 1 1 1 1 1 1 1 1 1 0 1 1 1 3 1 1 1 1 1 0 1 1 1 0 1 1 1 0 1 1 1 0 1 0 1 2 0 1 1 0 1 2 0 2 2 2 2 1 2 1 1 0 1 1 1 1 0 2 1 1 1 1 1 1 1 0 1 1 1 1 1 1 1 1 0 1 1 1 1 0 1 0 0 1 1 1 1 0 1 1 1 1 1 1 1 1 1 1 0 1 1 0 1 0 1 1 0 1 1 1 1 1 1 1 2 2 3 2 0 0 2 2 2 1 1 2 2 1 1 1 0 0 1 2 1 0 0 1 0 2 2 2 2 2 0 0 1 1 1 1 1 1 1 1 1 0 1 
1 1 1 1 1 1 1 1 1 1 1 1 1 1 0 0 3 1 1 1 1 1 1 1 0 1 1 0 0 1 0 1 1 2 1 0 1 2 1 2 1 1 2 1 1 2 0 1 1 2 2 1 2 1 0 2 1 2 0 1 0 2 2 0 1 1 1 1 1 1 1 1 0 1 1 0 1 1 1 1 1 0 1 1 1 1 1 1 0 0 1 1 1 1 1 0 1 1 1 1 1 1 1 1 1 1 1 1 1 0 0 1 1 1 0 0 1 1 1 4 2 2 2 1 1 2 0 0 2 2 2 0 0 1 0 2 2 1 1 2 1 1 2 1 2 0 1 1 1 0 1 1 1 1 1 1 1 0 1 1 
1 0 1 1 1 0 1 1 0 1 1 0 1 0 1 1 3 1 0 0 1 1 1 1 1 1 1 1 1 0 1 1 1 1 2 2 0 1 2 2 2 2 2 2 0 0 1 1 2 2 0 2 1 1 1 0 1 0 2 1 1 2 1 1 1 1 1 1 0 1 0 1 1 1 0 0 0 1 1 1 1 1 1 1 1 1 1 1 0 1 1 1 1 1 1 1 1 1 1 1 1 1 1 1 1 1 1 1 1 1 1 1 1 1 1 1 1 1 2 3 2 2 1 0 1 1 2 0 2 2 1 2 0 1 2 2 2 2 1 1 1 0 1 0 0 0 1 1 1 1 0 1 1 1 1 1 1 1 1 1 
1 1 1 0 1 1 1 1 1 1 1 1 0 0 1 1 3 1 0 1 1 0 1 0 1 1 1 1 1 1 1 0 1 1 1 2 2 1 2 2 0 1 1 2 1 2 1 1 2 1 0 2 2 2 1 0 0 2 2 2 2 1 0 1 0 1 1 1 1 1 1 1 1 1 0 1 1 0 1 1 1 1 1 1 1 1 1 1 1 1 1 1 1 0 1 1 0 0 1 1 1 1 1 1 1 0 0 1 1 1 1 1 1 1 1 0 1 2 0 3 2 2 1 0 2 1 0 0 1 2 2 1 1 0 2 1 2 0 2 2 1 1 0 1 2 0 2 1 1 1 1 1 1 1 1 1 1 1 1 1 
0 1 1 1 1 1 1 1 1 1 1 1 1 1 0 1 3 1 1 1 0 0 1 1 1 0 1 0 1 1 1 1 1 1 1 2 2 0 2 2 1 2 2 1 1 2 1 2 2 1 2 1 1 2 2 1 0 2 2 1 1 1 1 2 1 1 0 1 0 1 1 1 0 0 1 1 1 1 1 1 1 1 1 1 1 1 1 1 1 1 1 1 1 1 1 1 1 1 1 1 1 1 1 1 1 0 1 0 0 0 0 0 0 1 1 1 1 2 1 3 2 0 2 1 2 2 1 0 2 1 1 2 1 2 2 2 2 1 1 2 1 2 1 2 2 0 1 1 1 0 1 1 0 1 1 1 1 1 1 1 
1 0 0 1 0 1 1 1 1 1 1 1 0 1 1 1 3 0 1 1 1 1 1 0 1 1 1 1 1 1 1 1 1 1 1 2 1 2 1 0 1 1 2 1 1 0 2 2 0 0 1 2 2 2 1 1 1 1 0 0 0 2 2 1 0 0 0 1 1 1 1 1 1 1 1 1 1 1 1 1 1 1 1 1 1 1 1 1 1 1 1 1 1 1 1 1 1 1 1 1 1 1 0 1 1 1 0 1 0 1 0 1 1 1 1 1 1 1 2 3 1 1 1 2 2 2 1 0 1 0 0 0 2 2 2 1 2 1 0 2 1 1 2 0 0 2 1 1 1 1 1 1 1 0 1 1 1 1 1 1 
0 1 1 1 1 1 1 1 1 1 0 1 1 1 1 1 3 1 1 1 0 1 1 0 0 1 1 0 1 1 1 1 1 0 0 1 0 1 1 1 1 1 1 2 2 2 0 2 2 0 1 1 2 2 1 1 1 0 2 1 2 1 2 2 0 0 1 1 0 1 1 1 1 1 1 0 1 1 1 1 0 1 1 1 1 1 0 0 1 0 1 0 1 0 1 1 1 0 1 0 0 1 1 1 1 1 0 1 1 0 1 1 0 1 1 1 1 2 0 4 1 2 1 2 1 0 2 2 2 0 1 1 1 1 0 2 1 1 2 2 2 2 1 0 0 2 2 2 1 0 1 1 1 1 1 1 1 1 1 1 
1 1 0 1 1 1 1 1 1 1 1 0 1 1 1 1 3 1 1 1 1 1 1 1 1 1 1 1 1 1 0 1 1 2 1 1 2 1 1 1 0 2 1 1 0 0 1 1 1 1 1 2 1 0 1 2 2 1 2 1 1 1 0 1 1 1 1 1 0 0 1 1 1 1 1 1 1 1 1 1 1 1 0 1 0 1 0 1 1 1 1 1 1 0 1 1 1 1 1 1 0 1 1 0 1 1 1 0 0 1 1 1 1 1 1 1 1 2 1 4 0 0 2 1 1 0 2 1 2 1 2 1 2 1 1 1 1 0 2 0 2 0 0 0 2 2 0 0 1 1 0 1 1 0 0 0 1 0 1 1 
0 1 1 0 1 0 0 1 0 1 1 1 1 1 1 1 3 1 0 1 1 1 1 1 0 0 1 1 1 1 1 1 1 2 0 1 1 1 0 0 2 1 1 1 2 1 2 2 0 2 2 0 1 2 0 1 2 1 2 0 1 2 2 2 1 0 0 1 1 1 1 0 1 0 0 0 1 1 1 1 0 1 1 1 1 0 1 1 0 1 1 1 1 1 1 1 1 1 0 1 1 1 1 0 1 1 1 1 1 1 1 1 0 1 1 1 1 1 1 4 2 1 1 1 0 1 1 1 2 1 0 1 0 1 1 1 1 2 1 2 2 1 1 1 0 1 1 2 1 0 1 1 0 1 1 1 1 1 1 1 
1 1 1 1 1 1 1 1 1 1 1 0 1 1 1 1 3 1 1 1 1 1 1 1 0 1 1 1 1 1 0 1 1 2 2 1 1 1 1 2 1 2 2 0 1 0 1 1 2 0 2 1 0 0 0 2 2 2 2 2 2 1 1 2 1 1 0 1 1 1 1 1 0 1 1 1 1 0 1 0 1 1 1 1 1 1 1 0 1 1 1 1 1 0 1 1 1 1 1 1 1 1 1 1 1 0 1 1 1 1 0 1 1 1 1 0 1 0 0 3 1 1 0 2 0 1 1 1 2 1 1 2 2 2 1 1 1 1 2 1 2 1 1 2 2 2 1 1 1 0 1 0 1 1 0 1 0 1 1 1 
0 1 1 1 1 1 0 1 1 1 1 0 1 1 1 0 3 1 1 0 1 1 0 1 0 1 1 1 1 1 1 0 1 2 2 0 1 1 1 1 1 1 1 2 0 1 1 1 2 2 0 2 1 2 1 2 2 2 2 2 2 2 0 2 1 0 1 1 1 0 1 1 1 1 1 1 1 1 0 1 1 1 1 1 1 0 1 1 1 1 1 1 0 1 0 1 1 1 1 1 1 0 1 1 1 0 1 1 1 1 1 0 1 1 1 1 1 0 0 4 0 2 1 1 2 2 1 2 1 1 2 2 2 1 1 1 1 0 2 0 2 1 1 1 0 1 2 2 1 1 1 1 1 1 1 1 1 1 0 1 
1 1 0 1 1 1 0 1 1 1 1 1 0 1 1 1 3 0 0 1 1 1 1 1 1 0 0 1 1 1 1 1 0 1 0 0 1 2 2 2 0 0 0 2 1 1 1 0 1 2 2 1 2 2 1 2 1 2 2 1 1 0 1 1 0 1 1 1 1 1 1 1 1 1 1 0 0 1 0 1 1 0 1 0 1 1 1 1 1 1 1 1 1 1 1 1 1 0 1 0 1 1 1 1 1 0 1 0 1 1 0 1 1 1 1 1 1 1 1 3 0 0 1 0 2 2 1 0 2 2 0 1 1 2 1 1 1 1 2 1 1 2 2 1 2 1 1 2 1 1 0 1 1 1 0 1 1 1 1 1 
1 1 0 1 1 1 1 1 0 1 1 1 0 1 1 1 3 1 0 1 1 0 1 0 1 1 1 1 1 0 1 0 1 2 1 2 2 0 2 2 2 2 2 0 2 1 2 0 2 1 1 2 2 1 2 2 2 0 2 1 1 2 2 2 1 1 1 1 1 1 1 1 0 1 1 1 0 0 1 1 1 0 1 0 1 1 0 1 1 1 0 1 1 0 1 0 1 1 1 1 1 1 1 1 1 1 1 1 0 1 0 1 0 1 1 1 1 2 0 3 2 1 1 1 1 1 0 1 2 1 2 2 0 2 0 1 2 2 1 1 0 2 1 0 2 2 2 0 1 0 1 1 0 0 1 1 1 1 1 1 
1 1 1 1 1 1 1 1 1 1 1 0 1 0 1 0 3 1 0 1 0 1 1 1 1 1 1 1 1 1 1 1 1 0 1 0 1 0 2 2 2 1 1 2 0 1 1 2 2 0 0 2 2 2 2 1 2 1 1 2 0 1 2 1 0 1 1 1 1 1 1 0 1 1 1 1 1 1 1 1 1 1 1 1 1 0 1 1 1 1 0 1 1 0 0 1 0 1 1 0 1 1 1 1 1 1 0 1 1 1 1 1 0 1 1 1 1 0 1 3 3 3 4 3 3 3 4 3 4 3 4 4 4 3 3 4 3 4 3 4 3 4 4 4 3 4 3 4 3 3 3 3 3 3 3 3 3 3 3 3 
1 1 1 0 1 1 0 0 1 1 1 1 1 1 0 1 3 1 1 1 1 1 1 0 1 1 0 0 1 1 0 1 1 2 2 0 1 0 2 2 1 1 2 0 2 1 1 2 1 0 2 0 0 2 2 1 0 1 2 0 1 0 2 2 1 1 1 0 1 1 1 1 1 1 1 1 1 1 1 1 0 0 1 1 1 1 1 1 1 1 1 1 1 0 1 1 0 0 1 1 1 1 0 1 1 1 1 1 1 1 1 1 1 1 0 0 1 0 2 0 2 2 1 1 1 2 0 2 1 2 2 2 2 0 2 2 0 1 1 0 1 1 2 1 1 2 1 1 0 0 1 1 1 1 1 1 1 1 1 1 
1 1 0 1 1 1 1 1 1 1 1 1 0 1 1 1 3 1 1 1 1 1 1 1 1 1 1 1 0 0 1 1 0 1 2 0 1 1 1 1 2 2 0 1 2 2 0 1 1 2 1 0 0 0 1 0 1 1 2 0 0 1 2 2 1 0 1 1 1 1 1 1 0 0 1 0 1 1 1 1 1 1 1 1 1 1 1 1 1 1 1 1 1 1 1 1 1 1 1 1 1 1 1 1 1 1 1 0 1 1 1 1 1 0 1 1 1 2 2 1 2 1 1 1 0 1 0 2 1 2 1 0 0 0 1 1 2 1 2 2 0 1 2 0 1 1 1 1 0 1 1 1 1 1 1 1 1 1 0 1 
1 1 1 1 1 0 1 0 1 1 0 1 1 1 0 1 3 1 1 1 1 1 1 1 0 1 1 1 1 1 0 0 1 2 2 1 0 0 1 2 1 0 2 1 0 0 2 0 2 1 1 1 2 1 0 1 2 1 1 2 2 2 1 2 1 1 1 1 1 1 1 0 0 1 1 1 1 1 1 0 1 1 1 1 1 1 1 1 0 0 1 1 1 1 1 1 1 0 0 1 1 1 1 1 0 1 1 1 1 1 1 1 1 1 1 1 1 0 0 2 2 0 1 2 1 0 0 2 0 1 0 1 2 1 1 1 2 0 2 2 2 2 1 0 2 2 2 1 1 1 0 1 1 1 1 0 0 1 1 1 
1 1 1 1 1 1 1 1 1 1 1 1 0 1 1 1 3 0 1 1 1 1 1 0 1 0 0 1 1 1 0 1 1 0 2 1 1 1 1 1 0 2 1 0 2 1 2 1 1 1 1 0 0 1 1 2 1 1 1 1 1 1 1 0 0 1 1 1 1 1 0 1 1 0 1 1 0 0 1 1 0 1 1 1 1 0 0 1 1 1 0 1 1 1 1 1 0 1 1 1 1 1 1 1 1 1 1 1 1 1 1 1 1 1 1 0 1 1 2 1 1 1 1 1 2 1 0 2 2 2 0 1 2 2 2 2 1 1 0 0 2 1 2 1 0 2 1 2 0 1 1 1 1 1 1 1 1 1 1 1 
1 0 0 1 0 1 0 1 1 1 0 0 1 1 0 1 3 3 3 3 3 3 3 3 3 3 3 3 3 3 3 3 3 3 4 4 4 3 4 4 4 4 4 3 4 3 3 3 3 4 4 3 4 4 3 4 4 4 3 4 4 4 4 4 3 3 3 3 3 3 3 3 3 3 3 3 3 3 3 3 3 3 3 3 3 3 3 3 3 3 3 3 3 3 3 4 4 2 2 0 2 2 1 1 2 2 1 1 1 1 1 2 0 2 2 2 2 1 2 2 2 2 2 2 0 2 2 0 2 0 1 2 0 1 0 1 2 1 2 1 0 0 1 0 1 2 2 2 0 1 1 1 1 1 1 0 0 1 1 0 
1 0 1 1 0 1 1 1 1 1 0 1 0 1 1 1 1 1 1 0 1 1 1 0 1 1 0 1 1 1 0 1 1 2 2 1 0 2 2 2 2 2 0 1 0 2 1 1 2 0 1 1 1 2 2 2 1 0 0 2 1 2 2 0 1 0 1 1 1 1 1 1 1 1 1 1 1 0 1 1 1 1 1 1 1 1 1 1 0 1 0 0 0 0 1 2 4 1 2 2 1 0 1 1 0 0 1 1 1 2 1 1 2 0 2 2 0 1 2 2 1 2 2 2 0 2 1 0 2 0 2 1 2 1 1 1 2 2 0 0 2 1 2 2 2 2 2 2 1 1 1 1 1 1 1 1 1 1 1 1 
1 1 0 1 1 1 1 0 1 0 1 1 1 1 1 1 1 1 1 1 1 1 0 1 1 1 1 0 1 1 0 1 1 1 0 1 0 0 0 0 1 0 0 2 2 0 2 1 0 1 2 2 2 1 2 2 2 1 1 2 1 1 2 0 1 1 0 1 1 1 1 1 1 1 1 1 1 1 1 0 1 1 1 1 0 1 1 1 0 1 1 1 0 1 1 2 4 1 1 0 0 2 2 0 0 1 2 0 0 1 0 1 1 0 1 1 1 2 0 2 2 0 0 2 1 1 1 1 1 1 1 1 1 1 1 0 1 1 1 1 1 0 1 1 0 1 1 1 1 1 1 1 1 1 1 1 1 1 1 1 
1 0 0 1 1 1 1 1 1 1 0 0 1 1 1 1 1 1 1 1 1 1 1 1 0 1 1 1 1 0 0 1 1 2 2 1 2 1 0 1 1 2 1 1 1 1 0 2 2 1 1 0 2 1 0 2 0 1 1 2 2 2 1 0 0 0 0 1 1 1 0 0 1 1 1 1 0 1 1 0 1 1 1 1 1 1 1 0 1 1 1 1 1 1 1 0 3 2 1 0 0 1 1 0 0 1 2 2 0 1 1 2 2 1 2 2 2 1 1 1 1 1 2 0 2 1 1 1 1 1 0 1 1 1 1 1 1 0 1 1 0 1 0 1 1 1 1 1 1 0 1 1 0 1 1 1 1 1 0 1 
1 0 1 0 1 1 1 1 0 0 1 1 0 1 1 1 1 1 1 1 1 0 0 0 1 0 1 1 0 1 1 1 1 0 1 0 1 1 2 1 2 1 2 1 2 1 2 2 2 2 1 1 1 0 0 2 1 2 0 0 1 1 2 2 1 1 1 1 0 1 1 1 1 0 1 1 1 1 0 0 1 1 1 1 1 1 1 1 1 1 1 0 0 1 1 0 4 1 2 2 2 1 1 2 2 2 2 0 2 0 2 2 1 2 2 2 1 1 1 1 1 1 1 2 1 0 1 1 1 1 1 1 1 0 1 1 1 1 1 1 1 1 1 1 1 1 1 1 0 1 1 1 1 1 1 1 1 1 1 1 
1 1 1 1 1 0 1 1 1 0 1 1 1 0 0 1 0 1 0 1 1 1 1 1 1 1 1 1 1 1 0 1 1 1 2 1 2 1 2 0 1 0 1 2 1 1 2 1 1 0 1 1 2 1 0 0 2 2 1 0 2 2 1 2 2 1 2 1 2 0 2 0 1 1 2 2 0 2 0 1 0 2 0 1 2 1 1 2 0 1 1 1 1 1 1 0 3 2 2 2 0 2 2 0 2 2 2 2 1 2 2 1 2 2 2 1 0 1 1 1 2 1 1 2 2 2 0 1 1 0 1 0 0 1 0 1 1 1 0 1 0 1 1 0 1 1 1 1 1 0 1 1 0 1 0 0 1 0 0 1 
1 1 0 1 1 0 1 0 1 1 1 1 1 1 1 1 1 1 1 1 1 1 1 1 1 1 1 1 1 1 1 1 1 0 2 2 1 1 0 1 0 1 2 2 0 2 2 0 1 2 1 2 0 1 0 2 1 2 2 0 2 2 2 2 1 1 1 0 2 1 1 1 1 1 2 1 1 1 2 2 0 0 2 1 1 0 2 2 1 1 1 1 1 1 1 0 3 1 2 2 1 0 1 1 1 1 2 2 2 0 2 1 2 0 2 2 2 2 2 2 2 1 1 2 0 1 0 1 1 1 0 1 1 1 1 1 1 1 1 1 1 0 1 1 1 1 1 1 1 1 0 1 1 1 1 1 1 1 1 1 
1 0 1 1 1 1 1 0 0 0 0 0 1 1 1 1 0 1 1 1 1 1 1 1 1 0 1 0 0 0 1 0 1 0 2 0 0 2 2 2 1 2 1 2 0 2 2 1 1 1 1 2 2 1 2 1 2 1 2 2 0 2 2 0 2 2 2 2 1 2 1 2 2 1 2 2 1 2 2 0 0 1 2 2 1 1 2 1 0 1 1 1 0 1 1 1 4 1 1 2 2 0 0 2 0 1 1 2 0 1 2 0 2 1 2 1 2 2 1 2 1 1 2 1 1 1 0 1 1 1 1 1 1 1 1 1 1 1 1 1 1 1 1 1 1 0 1 1 1 1 1 1 1 1 1 1 1 1 0 1 
0 1 1 1 1 0 0 0 0 1 1 1 1 1 1 1 1 1 1 1 1 1 0 1 1 1 1 1 1 1 0 0 1 2 1 2 1 0 1 2 1 1 1 2 1 1 2 2 1 0 0 1 0 1 1 2 0 2 1 2 2 0 2 2 0 1 2 2 1 1 1 0 0 2 1 1 1 1 2 1 2 0 2 2 1 2 2 1 1 0 0 0 1 1 1 2 3 2 1 1 1 1 1 1 0 2 2 0 2 0 0 2 2 1 1 0 2 1 2 1 2 0 2 2 1 2 1 1 1 1 0 0 1 1 0 1 0 1 1 1 1 1 1 1 0 1 0 1 0 1 1 1 1 1 1 0 1 1 1 1 
1 1 0 0 1 1 0 1 1 1 1 1 0 1 1 1 1 0 1 1 1 1 1 1 1 1 1 1 0 0 1 1 0 1 1 0 1 1 1 1 1 1 1 1 1 1 1 1 1 0 1 0 1 0 1 0 1 1 1 1 1 1 2 2 0 1 0 1 1 1 1 2 2 1 2 2 0 0 0 2 2 2 2 2 2 1 2 1 1 1 1 1 1 0 1 2 3 2 1 1 0 2 0 2 2 2 2 2 0 2 2 2 1 2 1 2 2 2 2 2 2 0 1 0 0 2 0 0 1 0 1 1 1 1 1 1 1 1 1 1 1 1 1 1 1 1 1 1 1 1 1 1 1 0 1 0 0 1 1 1 
1 1 1 1 1 1 1 1 0 1 1 1 1 1 1 1 0 0 1 1 1 1 1 1 1 1 1 1 1 1 1 0 0 1 0 1 0 1 1 1 1 1 1 0 1 1 1 1 0 1 1 0 1 1 1 1 1 0 1 1 2 2 2 2 2 1 2 1 0 2 0 2 0 2 0 2 2 2 2 1 1 2 0 2 1 1 2 2 0 2 1 0 1 1 1 2 4 2 0 1 0 0 2 2 0 2 2 1 2 1 2 0 0 1 1 2 2 2 2 2 0 0 2 2 2 2 0 2 1 1 1 1 1 1 1 1 1 0 0 1 0 1 1 1 1 1 1 1 1 0 0 1 0 1 1 1 1 1 1 1 
0 1 0 0 1 1 1 1 0 1 1 0 1 1 1 0 0 1 0 1 1 1 0 1 0 0 1 0 0 0 1 1 1 1 1 0 1 1 1 1 1 0 1 1 1 1 1 1 1 1 1 1 1 1 1 1 0 1 1 1 2 1 2 1 0 0 0 1 1 1 0 1 0 2 0 0 2 0 0 1 2 2 0 1 1 2 2 2 1 2 1 1 1 1 1 2 4 0 2 1 2 0 0 0 2 2 1 0 1 2 2 1 2 2 2 2 2 1 2 2 2 2 0 2 2 0 2 2 1 0 1 1 1 1 1 1 0 1 1 1 1 1 0 1 1 1 1 0 1 1 1 1 1 1 1 1 1 0 0 0 
1 0 1 1 1 0 1 1 1 1 0 1 1 1 1 1 1 0 0 1 0 0 1 1 1 1 1 1 0 1 1 1 0 1 1 1 1 1 1 1 1 1 0 1 0 1 1 1 1 0 1 0 1 1 1 0 1 1 1 2 0 2 2 0 1 1 2 1 0 2 1 2 1 1 0 1 2 2 2 0 2 1 1 0 2 0 1 2 1 2 1 1 1 1 1 2 4 2 2 1 2 1 2 1 1 2 2 2 1 2 2 0 2 1 2 2 2 1 2 2 2 2 1 2 1 2 1 0 1 1 1 1 1 1 0 1 1 1 1 1 0 0 1 0 0 1 0 0 1 1 0 1 0 1 0 1 1 1 1 0 
1 1 1 1 1 1 1 1 1 1 1 1 1 1 1 1 1 0 1 1 0 1 1 1 1 0 0 1 1 1 1 1 1 1 0 1 1 1 0 1 1 0 1 1 1 1 1 1 1 1 1 0 1 1 1 1 1 1 0 2 0 0 2 2 2 1 1 1 1 0 0 1 1 2 2 1 1 1 1 0 1 2 1 1 1 2 1 2 2 1 1 0 1 0 1 0 4 2 0 0 2 1 0 1 2 2 1 0 2 2 2 0 1 2 2 0 1 2 0 1 0 1 2 2 0 2 2 1 1 1 0 1 1 1 0 1 1 1 1 1 1 1 1 1 0 1 0 1 1 1 1 0 1 1 1 0 1 0 1 1 
1 0 1 1 0 1 1 1 1 1 1 1 1 1 1 0 0 0 0 1 1 1 1 0 1 1 1 1 1 1 1 1 0 1 1 1 1 1 1 1 0 1 0 1 1 0 0 1 1 1 1 1 0 0 0 1 1 1 1 2 0 2 1 0 1 0 2 0 2 2 2 1 1 2 0 1 1 1 1 2 1 0 1 1 0 1 1 1 2 2 1 1 1 0 1 1 3 2 2 2 0 0 2 2 2 2 2 2 1 1 2 1 1 0 2 2 2 2 0 0 2 1 0 0 0 2 1 1 1 1 0 0 1 1 0 1 1 0 1 1 0 1 1 1 1 1 0 0 1 1 0 1 1 1 0 1 1 1 1 1 
1 1 1 0 1 0 1 1 0 1 1 0 1 0 1 1 1 1 1 0 1 1 1 1 1 0 1 0 1 1 1 1 1 1 1 1 1 0 1 0 0 1 1 1 1 1 0 1 1 0 1 0 1 0 1 1 1 1 1 1 2 2 1 0 2 0 1 2 0 0 1 2 1 0 1 1 2 0 1 1 0 2 2 1 1 1 1 1 1 2 1 0 0 1 1 1 3 2 2 0 1 2 1 2 1 2 2 2 0 1 1 0 1 2 2 2 1 2 1 2 0 2 2 1 1 2 2 1 1 1 1 1 1 1 1 1 1 1 1 1 1 1 1 1 0 1 0 1 0 1 0 1 1 1 1 1 0 0 1 1 
1 1 1 1 0 1 0 1 1 1 1 1 1 0 1 1 1 1 1 1 1 1 1 1 1 0 1 1 1 1 1 1 1 0 1 0 1 1 1 1 1 0 1 1 0 1 1 1 1 1 0 1 1 0 0 1 0 0 1 2 1 0 0 2 1 1 2 2 0 0 1 1 1 1 1 2 2 2 2 1 2 2 0 1 0 2 2 1 1 1 1 1 0 0 1 0 3 2 2 1 2 2 2 2 2 2 2 0 2 2 2 2 2 1 2 2 0 1 2 2 2 2 0 0 1 2 2 1 0 1 1 0 0 0 1 1 1 1 0 1 1 1 1 1 1 1 1 1 1 1 1 0 1 1 0 1 1 1 1 1 
1 1 1 1 1 1 0 1 1 1 0 1 0 1 1 1 1 0 1 1 0 1 1 0 1 1 1 1 1 1 0 1 0 1 1 1 0 1 1 1 1 1 1 0 1 1 1 0 1 0 1 1 1 1 0 1 1 1 1 2 1 2 2 2 1 2 0 2 2 1 2 0 1 2 2 1 2 2 2 2 1 2 1 2 2 2 2 2 1 2 0 1 0 1 1 1 3 1 0 2 0 0 1 0 1 1 2 0 2 0 2 2 2 0 1 2 2 1 2 2 1 0 2 2 2 2 2 2 1 1 1 1 0 1 1 1 0 1 0 1 1 0 0 1 0 1 1 1 1 1 1 0 1 1 1 1 1 1 1 0 
1 1 1 1 1 1 1 0 1 1 1 0 0 1 1 1 1 1 0 0 1 1 0 1 1 1 1 1 1 1 1 1 1 1 1 0 0 1 0 0 0 0 1 1 1 1 1 0 1 1 0 0 1 1 1 1 1 1 1 2 2 2 2 2 2 1 1 1 2 2 0 0 2 2 2 0 1 2 2 2 2 1 2 2 1 2 2 1 0 0 1 1 1 1 1 2 4 2 0 0 2 0 0 0 0 0 2 1 1 2 1 2 2 0 2 2 2 2 2 2 1 2 0 2 2 0 0 1 1 1 1 1 1 1 1 1 0 1 1 1 1 1 0 0 0 0 0 1 1 1 1 1 1 1 1 1 0 1 1 0 
1 1 1 1 1 1 1 0 1 1 1 1 1 0 1 1 1 1 1 1 1 1 0 1 1 1 1 1 1 1 1 0 0 1 1 1 1 1 1 1 1 1 1 1 1 1 1 0 1 0 1 1 1 1 1 1 1 1 1 2 1 1 2 1 1 0 1 1 1 1 0 1 2 2 0 1 2 1 2 1 1 2 0 1 1 1 2 1 2 0 1 0 1 0 0 1 4 2 2 2 1 0 2 0 2 0 2 2 2 0 2 2 0 2 2 2 2 2 2 1 1 1 1 0 2 2 2 1 1 1 0 1 1 1 1 1 1 1 1 0 1 1 1 1 1 1 1 1 1 1 1 1 1 1 1 1 1 1 0 1 
1 1 1 1 1 1 1 1 1 1 1 1 1 1 1 0 1 1 1 1 0 1 1 1 0 1 1 1 1 1 1 1 0 1 1 0 1 1 1 0 1 0 1 1 1 0 1 1 0 1 1 1 1 1 1 1 3 3 3 4 3 3 3 4 3 3 3 4 3 3 3 3 4 4 3 3 3 4 3 4 3 3 3 4 3 4 4 3 4 3 3 3 3 3 3 4 3 1 2 0 0 1 2 2 2 2 2 0 2 0 2 0 1 2 1 0 1 2 2 1 2 1 2 2 1 2 0 1 1 1 1 0 0 1 0 1 1 1 1 1 1 1 1 1 1 0 1 1 1 1 1 1 1 1 1 0 1 1 1 0 
1 0 0 0 1 1 1 1 0 1 1 1 1 1 1 1 1 1 0 1 0 1 0 0 1 1 1 1 1 1 1 1 1 1 1 1 1 1 0 1 1 1 1 0 1 1 1 1 0 1 1 1 1 1 1 1 3 0 0 1 2 1 0 0 2 0 2 2 0 1 0 2 2 2 0 2 0 1 1 2 2 0 1 2 1 1 2 2 1 2 1 1 1 1 1 1 2 2 0 0 2 2 0 2 1 2 2 2 2 2 2 2 2 2 0 2 2 2 2 0 2 2 2 2 0 1 2 2 2 1 1 1 1 1 0 1 1 1 1 1 1 1 1 0 1 1 1 1 1 0 1 1 1 1 1 0 0 1 1 0 
1 0 1 0 1 1 1 1 0 1 1 1 1 1 0 1 1 0 0 1 1 0 1 1 0 1 1 1 1 1 0 1 1 1 0 1 1 1 1 1 1 1 1 1 1 0 1 1 0 1 0 0 1 1 1 1 3 1 0 1 0 2 1 1 1 2 1 1 2 2 0 1 1 1 2 2 0 2 0 0 1 2 2 2 2 1 1 1 2 2 0 1 1 1 1 2 2 2 0 2 2 2 1 2 2 2 2 0 2 2 2 0 1 2 0 1 2 2 2 2 0 2 2 2 0 2 0 1 1 0 1 0 0 1 1 0 1 1 1 1 1 1 1 0 0 1 1 1 1 0 1 1 1 0 1 0 1 1 1 1 
1 1 0 1 1 0 0 0 1 1 1 0 1 0 1 1 1 1 1 0 1 1 1 1 0 1 0 1 1 1 1 1 0 1 1 1 1 1 1 0 1 1 1 1 1 1 1 1 1 1 1 1 0 1 1 1 3 1 1 2 1 2 1 2 2 1 1 1 2 2 0 1 2 0 0 0 2 1 2 1 1 0 1 0 0 0 2 2 2 1 1 1 1 1 1 2 2 0 2 0 2 0 2 0 2 2 2 2 2 2 0 0 2 2 2 2 2 0 2 2 2 0 2 2 1 1 2 1 2 1 1 1 0 1 1 1 1 1 1 1 1 1 1 0 1 1 1 1 1 0 1 1 1 0 0 1 1 1 0 1 
1 0 1 1 1 1 0 0 1 1 1 1 1 1 1 1 1 1 0 1 1 0 0 1 1 1 1 1 1 1 1 1 1 1 1 1 1 1 0 1 1 1 1 0 1 1 1 1 1 1 1 1 1 1 1 0 3 1 1 1 1 0 2 0 0 2 2 2 2 2 2 2 2 0 1 1 2 1 1 2 2 1 0 2 2 2 1 2 1 2 0 1 1 1 1 0 2 1 2 2 2 2 2 2 0 2 2 2 2 2 0 0 2 2 0 2 0 0 2 0 2 0 2 2 0 2 2 1 2 0 1 0 2 1 2 1 1 1 1 1 0 1 1 1 0 1 1 1 1 0 1 0 0 1 1 1 1 1 1 0 
0 1 1 1 1 0 1 1 1 1 1 1 1 1 1 1 1 0 1 1 1 0 1 1 1 1 0 1 0 1 0 1 1 1 1 0 1 1 1 1 1 1 1 1 1 1 0 1 1 1 1 1 1 1 1 1 3 1 1 2 2 2 2 1 1 1 1 1 1 0 2 0 1 2 2 2 2 2 1 1 2 2 1 2 0 0 2 0 2 1 1 1 1 0 1 2 0 1 2 2 2 2 2 2 2 2 2 2 2 2 0 2 2 2 0 0 2 2 2 2 2 2 0 2 0 2 0 1 0 0 1 2 0 1 1 1 1 1 1 1 1 1 1 1 1 0 1 1 1 1 1 1 1 1 1 0 1 0 1 0 
1 1 1 0 1 0 1 0 1 1 1 1 1 1 1 1 1 1 1 1 1 1 0 1 1 1 1 1 1 1 1 1 1 1 1 1 1 0 1 1 1 1 1 1 1 1 0 1 0 0 1 1 1 0 1 1 3 1 1 0 1 1 2 2 0 0 0 2 2 2 1 0 1 0 2 1 1 2 2 1 2 2 1 1 2 1 0 1 1 2 1 0 1 1 1 0 2 2 0 2 0 0 1 2 0 2 0 2 2 2 2 2 2 2 2 2 2 0 1 1 2 2 2 0 0 2 0 2 2 2 1 1 2 0 0 2 1 1 1 1 1 1 1 1 1 0 1 1 1 1 1 1 1 1 1 1 0 1 1 1 
1 1 1 1 1 1 1 1 0 1 1 1 1 1 0 1 0 1 1 0 0 1 1 1 1 1 1 0 1 1 1 1 1 0 1 1 1 1 1 1 1 1 1 1 0 1 1 1 1 1 1 1 1 1 1 1 3 1 0 0 0 1 1 0 2 0 0 1 1 2 1 1 1 2 2 1 2 2 2 1 1 1 2 2 2 1 0 2 1 2 1 0 1 1 0 1 2 0 2 0 0 0 2 2 0 2 0 2 2 2 0 2 2 0 0 2 2 2 2 1 2 2 2 2 0 2 2 2 0 0 1 0 0 2 2 1 1 0 1 1 1 1 1 1 1 1 1 1 1 0 1 1 1 1 0 1 1 0 1 1 
1 1 1 1 1 1 1 1 1 1 1 1 0 0 1 1 1 1 1 1 1 1 0 1 1 1 1 0 1 1 0 1 1 0 1 1 0 1 1 1 1 1 1 1 1 1 0 0 1 0 1 1 1 1 1 1 3 0 1 1 2 1 1 1 1 2 1 1 1 2 0 1 2 1 0 0 2 0 2 1 1 2 2 2 2 1 0 2 2 0 0 1 1 0 1 1 1 2 2 0 2 1 2 1 2 2 2 2 2 2 2 2 0 0 2 2 2 2 2 0 2 2 0 0 2 2 1 2 1 1 1 2 0 0 1 1 0 1 1 1 1 1 1 1 1 1 1 1 1 0 1 1 1 1 1 1 1 1 1 1 
1 1 1 1 1 1 0 1 1 0 0 1 1 1 0 1 1 0 1 1 1 1 0 1 1 1 1 0 1 1 1 1 1 0 0 1 1 0 0 1 1 1 1 0 0 1 1 1 0 1 1 1 1 0 1 1 3 0 1 4 4 3 4 3 4 4 4 3 4 3 3 4 3 4 3 4 4 4 3 3 4 4 3 4 4 4 3 4 4 4 3 3 3 3 3 3 3 4 3 4 4 4 4 4 4 4 4 4 4 4 4 3 4 4 4 4 4 3 4 4 4 4 4 4 4 4 4 4 4 4 3 3 4 4 4 4 3 3 3 3 3 3 3 3 3 3 3 3 3 3 3 3 3 3 3 3 3 3 3 3 
1 1 0 1 0 1 1 1 1 1 0 1 0 1 1 1 1 1 1 1 1 0 0 0 1 0 0 1 1 1 1 0 1 1 1 1 1 1 1 0 1 1 0 1 1 0 1 1 0 1 1 1 1 1 1 1 3 1 1 3 1 2 2 0 0 0 0 2 2 2 2 2 0 0 1 1 2 2 1 2 0 1 1 0 2 2 0 2 1 2 1 1 1 1 0 2 1 0 0 2 2 2 2 2 2 2 2 2 2 2 0 2 2 2 2 2 2 0 2 2 0 2 2 2 2 2 0 0 0 0 1 0 1 1 2 0 1 0 1 1 1 1 0 0 1 1 1 1 1 1 0 1 1 1 1 1 1 1 1 1 
1 0 1 1 1 1 1 1 1 1 1 0 0 1 1 0 1 1 1 1 0 0 1 1 0 1 1 1 1 0 0 1 1 0 1 1 1 0 1 1 0 1 1 1 1 0 1 1 1 1 1 1 1 1 0 1 3 1 1 3 2 0 1 1 1 0 2 2 1 1 0 0 1 2 0 1 1 2 2 2 0 1 2 1 1 2 1 0 2 1 1 1 1 1 0 1 1 0 0 2 2 1 2 2 1 2 1 2 2 0 2 0 0 2 0 2 1 2 0 1 2 2 0 1 2 0 2 2 2 2 2 0 0 2 2 2 0 1 1 0 0 1 1 1 1 1 1 0 1 1 1 0 1 0 1 0 0 1 0 1 
1 1 1 1 1 1 1 1 0 1 0 0 1 1 1 1 0 1 1 1 0 1 1 0 1 1 1 1 1 0 1 1 1 1 1 1 1 1 1 1 1 0 1 0 0 1 1 1 1 0 0 1 1 1 0 1 3 1 0 4 1 2 2 2 1 1 1 2 2 0 2 2 1 2 0 1 1 0 1 1 2 2 2 1 2 1 2 2 2 2 1 1 1 1 1 1 1 0 0 0 1 2 1 2 2 2 2 2 2 2 2 2 2 2 2 2 2 2 2 0 2 0 1 2 2 0 2 1 2 0 1 2 1 1 1 2 1 0 1 1 1 1 0 0 0 1 1 0 1 1 1 1 0 1 1 0 1 1 0 1 
1 0 1 0 0 1 1 1 1 1 1 1 1 0 1 1 1 0 1 0 0 1 1 1 1 1 1 0 1 1 1 1 1 1 1 0 0 1 1 1 1 0 1 1 1 1 1 1 1 0 0 1 0 1 1 1 3 1 1 4 2 1 0 1 2 0 2 2 1 1 2 2 2 2 2 1 0 0 0 2 1 1 1 2 2 2 2 2 1 1 0 1 1 1 1 0 0 0 2 2 1 0 2 2 2 1 1 2 2 2 2 2 0 0 0 2 2 0 2 0 2 2 2 2 2 2 2 2 2 2 0 0 2 2 2 1 1 0 1 1 0 1 0 0 1 0 1 1 1 1 0 1 1 1 1 1 0 1 1 0 
1 1 1 1 0 1 1 1 1 1 0 1 1 1 1 1 1 1 1 1 0 1 0 1 1 1 1 1 1 1 1 0 1 1 1 1 1 1 1 1 1 0 1 0 0 1 1 1 1 1 0 1 1 0 1 1 3 1 1 4 1 1 2 1 2 1 2 1 0 0 2 1 2 2 1 2 0 1 2 2 0 1 0 1 2 1 0 1 2 1 1 0 1 1 1 1 0 1 0 2 1 2 0 2 2 0 2 0 2 2 0 0 2 2 2 0 2 2 2 2 2 2 2 2 2 2 1 2 0 2 2 1 1 2 0 1 1 1 1 0 0 1 0 0 1 1 1 1 1 1 1 0 1 1 0 1 0 0 1 1 
1 1 1 1 1 1 1 1 1 1 1 0 1 1 1 1 1 0 1 1 1 1 0 1 0 1 1 0 0 0 1 1 1 1 1 1 1 1 1 0 1 1 0 1 1 0 1 1 1 1 1 0 1 0 1 1 3 1 1 4 1 2 2 1 2 0 2 2 2 0 1 2 0 2 1 2 2 1 1 0 1 1 0 2 0 1 1 1 2 2 0 1 1 1 0 1 1 2 1 0 2 2 0 1 1 1 1 0 0 2 0 0 2 2 2 0 2 2 2 2 1 1 2 2 1 2 1 0 1 0 2 0 2 2 2 2 1 1 0 0 1 1 1 1 1 1 1 1 1 1 0 1 1 0 0 1 1 1 1 0 
1 1 1 1 0 1 1 1 1 1 1 1 1 0 1 1 1 0 1 1 1 1 1 1 1 1 1 1 1 1 1 1 0 1 1 1 1 1 0 1 1 1 1 1 1 0 1 0 1 1 1 0 1 1 1 0 3 0 1 3 1 1 1 1 1 1 1 1 1 1 1 1 1 1 1 1 1 1 0 1 0 1 1 0 0 1 1 1 1 0 1 1 0 1 1 1 1 2 1 0 2 2 2 2 2 2 0 2 2 0 2 2 2 2 2 2 2 0 2 2 2 2 2 0 2 2 0 2 2 2 1 2 0 0 1 1 1 1 1 1 1 1 1 1 1 1 0 0 1 0 1 0 0 1 0 1 0 1 1 1 
1 1 1 1 1 1 0 0 1 1 1 1 1 0 1 1 1 0 1 1 1 1 1 0 1 1 0 1 1 1 1 1 1 1 1 0 1 0 1 1 1 1 0 1 1 0 1 1 1 1 1 1 1 1 1 0 3 0 1 3 1 1 0 0 1 1 1 1 0 1 0 1 0 1 1 1 1 1 1 0 1 1 1 0 1 1 1 0 1 1 1 1 1 1 1 1 1 1 1 1 2 2 2 2 2 2 2 2 2 2 0 2 2 2 1 2 1 0 2 2 1 0 2 2 2 2 2 2 0 2 2 2 1 1 1 2 0 1 1 1 1 1 1 1 1 1 1 1 1 1 1 1 1 1 0 1 1 1 1 1 
0 1 1 1 1 0 1 1 1 1 1 1 1 0 1 1 1 1 1 1 1 1 1 1 1 1 1 1 1 1 1 1 1 1 1 1 1 1 1 0 1 1 1 1 1 1 0 1 1 1 0 0 1 1 1 1 3 1 1 3 1 0 1 1 1 1 1 1 1 1 0 1 1 1 1 1 1 0 1 1 1 1 1 1 1 1 1 0 1 1 0 1 0 1 1 1 1 1 2 2 2 1 1 2 2 2 2 0 2 2 2 2 2 2 2 1 2 0 0 0 2 2 2 2 2 2 2 2 1 2 1 1 0 1 1 2 0 1 0 1 1 1 1 1 1 1 1 1 1 1 1 0 0 1 1 1 1 1 1 1 
1 1 1 1 1 1 1 1 1 1 1 1 0 0 1 1 1 1 1 0 1 0 1 1 1 1 1 1 1 1 1 1 1 1 1 1 1 1 1 1 1 0 0 1 0 1 1 1 1 1 0 1 1 1 1 1 3 1 1 3 1 1 1 1 1 1 1 1 1 0 1 1 1 1 1 1 1 0 1 1 1 0 1 0 1 1 0 1 0 1 1 0 0 1 1 1 0 1 2 2 1 1 0 2 2 2 2 2 2 2 0 2 2 2 1 2 2 2 2 2 2 2 0 2 2 2 0 2 2 1 1 2 1 1 0 2 0 1 1 1 1 1 0 1 1 1 1 1 1 5 1 0 1 1 1 0 1 1 1 0 
1 1 0 1 0 0 1 0 1 1 1 1 1 1 1 0 1 1 1 1 0 1 1 1 1 1 1 1 1 1 1 1 1 1 1 1 0 1 1 1 0 1 1 1 1 1 1 1 1 0 1 1 1 0 1 1 3 1 1 3 1 1 1 1 1 1 1 1 1 0 1 0 1 1 0 1 1 1 1 0 1 1 1 1 0 1 1 0 1 0 1 1 1 1 1 0 1 0 1 0 0 2 2 1 0 0 2 2 0 2 1 2 2 2 1 2 2 2 2 2 2 1 0 2 2 1 2 2 1 0 2 2 1 1 1 0 1 0 1 1 1 1 1 1 1 1 0 1 1 1 0 1 1 0 0 1 1 1 1 0 
